10.6045 2.29773 1.18903 1.03172 1.00455 2.29773 1.32157 1.06974 1.01459 0.99973 1.18903 1.06974 1.02063 1.00295 0.994837 1.03172 1.01459 1.00295 0.995549 0.990446 1.00455 0.99973 0.994837 0.990446 0.986883 9.28531 2.1249 1.16591 1.02858 1.00393 2.1249 1.28134 1.06232 1.01332 0.999319 1.16591 1.06232 1.01888 1.00257 0.994598 1.02858 1.01332 1.00257 0.995421 0.990282 1.00393 0.999319 0.994598 0.990282 0.986685 1.06978 1.04048 1.02088 1.00889 1.00003 1.04048 1.02885 1.01581 1.00534 0.996741 1.02088 1.01581 1.00793 1.00016 0.993095 1.00889 1.00534 1.00016 0.99462 0.989247 1.00003 0.996741 0.993095 0.989247 0.985442 0.113125 0.112316 0.111909 0.111868 0.112185 0.112316 0.111325 0.110837 0.110812 0.11127 0.111909 0.110837 0.110323 0.110321 0.110859 0.111868 0.110812 0.110321 0.110333 0.110873 0.112185 0.11127 0.110859 0.110873 0.111329 1.0103 0.975828 0.975828 1.0103 0.116538 0.114002 0.114002 0.116538 0.139317 0.136285 0.136285 0.139317 
2.29773 9.50459 2.14804 1.16788 1.03172 1.32107 2.05228 1.27276 1.06012 1.0142 1.06913 1.14347 1.05646 1.01658 1.00251 1.0142 1.02151 1.00989 1.00081 0.995276 0.99973 0.999926 0.996994 0.993462 0.990446 2.12466 8.33551 1.99523 1.14743 1.02843 1.28063 1.91248 1.23871 1.0537 1.01277 1.06159 1.1261 1.05044 1.01509 1.00199 1.01288 1.01925 1.00889 1.00048 0.995056 0.999322 0.999413 0.996653 0.993244 0.990228 1.0388 1.06154 1.03644 1.01911 1.00775 1.02687 1.03532 1.02505 1.01345 1.00375 1.01429 1.01708 1.01264 1.00575 0.99876 1.00455 1.00506 1.00258 0.998387 0.993673 0.996764 0.996194 0.994508 0.991873 0.98886 0.11295 0.112338 0.112049 0.112085 0.112465 0.112065 0.111264 0.110913 0.110987 0.111524 0.111627 0.11073 0.110354 0.110459 0.111086 0.111584 0.110691 0.110328 0.110443 0.111075 0.111938 0.111166 0.110861 0.110962 0.111501 0.998753 0.981374 0.976544 1.01493 0.115729 0.114445 0.114035 0.116861 0.13835 0.136815 0.136326 0.139703 
1.18903 2.14804 9.48405 2.14804 1.18903 1.06913 1.27258 2.04354 1.27258 1.06913 1.01991 1.05626 1.14022 1.05626 1.01991 1.00251 1.00977 1.01989 1.00977 1.00251 0.994837 0.996994 0.99877 0.996994 0.994837 1.16572 1.99522 8.31766 1.99522 1.16572 1.06151 1.23851 1.90478 1.23851 1.06151 1.01802 1.05022 1.12313 1.05022 1.01802 1.00203 1.00876 1.0177 1.00876 1.00203 0.994564 0.99665 0.998282 0.99665 0.994564 1.01947 1.03635 1.06057 1.03635 1.01947 1.01373 1.02472 1.03415 1.02472 1.01373 1.00613 1.01232 1.01593 1.01232 1.00613 0.999072 1.00239 1.00393 1.00239 0.999072 0.99285 0.994488 0.995218 0.994488 0.99285 0.112725 0.112252 0.112112 0.112252 0.112725 0.111793 0.111146 0.110948 0.111146 0.111793 0.111346 0.110601 0.110369 0.110601 0.111346 0.111315 0.110567 0.110333 0.110567 0.111315 0.111708 0.111064 0.110865 0.111064 0.111708 0.988928 0.988928 0.976877 1.01661 0.115017 0.115017 0.114053 0.116979 0.137499 0.137499 0.136346 0.139844 
1.03172 1.16788 2.14804 9.50459 2.29773 1.0142 1.06012 1.27276 2.05228 1.32107 1.00251 1.01658 1.05646 1.14347 1.06913 0.995276 1.00081 1.00989 1.02151 1.0142 0.990446 0.993462 0.996994 0.999926 0.99973 1.02843 1.14743 1.99523 8.33551 2.12466 1.01277 1.0537 1.23871 1.91248 1.28063 1.00199 1.01509 1.05044 1.1261 1.06159 0.995056 1.00048 1.00889 1.01925 1.01288 0.990228 0.993244 0.996653 0.999413 0.999322 1.00775 1.01911 1.03644 1.06154 1.0388 1.00375 1.01345 1.02505 1.03532 1.02687 0.99876 1.00575 1.01264 1.01708 1.01429 0.993673 0.998387 1.00258 1.00506 1.00455 0.98886 0.991873 0.994508 0.996194 0.996764 0.112465 0.112085 0.112049 0.112338 0.11295 0.111524 0.110987 0.110913 0.111264 0.112065 0.111086 0.110459 0.110354 0.11073 0.111627 0.111075 0.110443 0.110328 0.110691 0.111584 0.111501 0.110962 0.110861 0.111166 0.111938 0.981374 0.998753 0.976544 1.01493 0.114445 0.115729 0.114035 0.116861 0.136815 0.13835 0.136326 0.139703 
1.00455 1.03172 1.18903 2.29773 10.6045 0.99973 1.01459 1.06974 1.32157 2.29773 0.994837 1.00295 1.02063 1.06974 1.18903 0.990446 0.995549 1.00295 1.01459 1.03172 0.986883 0.990446 0.994837 0.99973 1.00455 1.00393 1.02858 1.16591 2.1249 9.28531 0.999319 1.01332 1.06232 1.28134 2.1249 0.994598 1.00257 1.01888 1.06232 1.16591 0.990282 0.995421 1.00257 1.01332 1.02858 0.986685 0.990282 0.994598 0.999319 1.00393 1.00003 1.00889 1.02088 1.04048 1.06978 0.996741 1.00534 1.01581 1.02885 1.04048 0.993095 1.00016 1.00793 1.01581 1.02088 0.989247 0.99462 1.00016 1.00534 1.00889 0.985442 0.989247 0.993095 0.996741 1.00003 0.112185 0.111868 0.111909 0.112316 0.113125 0.11127 0.110812 0.110837 0.111325 0.112316 0.110859 0.110321 0.110323 0.110837 0.111909 0.110873 0.110333 0.110321 0.110812 0.111868 0.111329 0.110873 0.110859 0.11127 0.112185 0.975828 1.0103 0.975828 1.0103 0.114002 0.116538 0.114002 0.116538 0.136285 0.139317 0.136285 0.139317 
2.29773 1.32107 1.06913 1.0142 0.99973 9.50459 2.05228 1.14347 1.02151 0.999926 2.14804 1.27276 1.05646 1.00989 0.996994 1.16788 1.06012 1.01658 1.00081 0.993462 1.03172 1.0142 1.00251 0.995276 0.990446 2.12466 1.28063 1.06159 1.01288 0.999322 8.33551 1.91248 1.1261 1.01925 0.999413 1.99523 1.23871 1.05044 1.00889 0.996653 1.14743 1.0537 1.01509 1.00048 0.993244 1.02843 1.01277 1.00199 0.995056 0.990228 1.0388 1.02687 1.01429 1.00455 0.996764 1.06154 1.03532 1.01708 1.00506 0.996194 1.03644 1.02505 1.01264 1.00258 0.994508 1.01911 1.01345 1.00575 0.998387 0.991873 1.00775 1.00375 0.99876 0.993673 0.98886 0.11295 0.112065 0.111627 0.111584 0.111938 0.112338 0.111264 0.11073 0.110691 0.111166 0.112049 0.110913 0.110354 0.110328 0.110861 0.112085 0.110987 0.110459 0.110443 0.110962 0.112465 0.111524 0.111086 0.111075 0.111501 1.01493 0.976544 0.981374 0.998753 0.116861 0.114035 0.114445 0.115729 0.139703 0.136326 0.136815 0.13835 
1.32157 2.05228 1.27258 1.06012 1.01459 2.05228 8.6029 1.93687 1.12722 1.02151 1.27258 1.93687 1.23158 1.04823 1.00977 1.06012 1.12722 1.04823 1.01305 1.00081 1.01459 1.02151 1.00977 1.00081 0.995549 1.28098 1.91227 1.23838 1.05362 1.01313 1.91227 7.55653 1.81223 1.11172 1.0191 1.23838 1.81223 1.20259 1.04299 1.00863 1.05362 1.11172 1.04299 1.01178 1.00036 1.01313 1.0191 1.00863 1.00036 0.995257 1.02627 1.03381 1.02373 1.01283 1.00399 1.03381 1.05251 1.03023 1.01449 1.00393 1.02373 1.03023 1.02065 1.0101 1.00144 1.01283 1.01449 1.0101 1.00378 0.997584 1.00399 1.00393 1.00144 0.997584 0.993423 0.11275 0.112052 0.11174 0.111788 0.112219 0.112052 0.111191 0.110803 0.110872 0.111437 0.11174 0.110803 0.110395 0.110486 0.111118 0.111788 0.110872 0.110486 0.110583 0.111201 0.112219 0.111437 0.111118 0.111201 0.111717 1.00255 0.982861 0.982861 1.00255 0.115992 0.114537 0.114537 0.115992 0.138665 0.136925 0.136925 0.138665 
1.06974 1.27276 2.04354 1.27276 1.06974 1.14347 1.93687 8.58725 1.93687 1.14347 1.05626 1.23153 1.92926 1.23153 1.05626 1.01658 1.04823 1.12408 1.04823 1.01658 1.00295 1.00989 1.01989 1.00989 1.00295 1.06205 1.23854 1.90459 1.23854 1.06205 1.12591 1.81221 7.5428 1.81221 1.12591 1.05007 1.20251 1.80544 1.20251 1.05007 1.01498 1.04298 1.10882 1.04298 1.01498 1.00238 1.00875 1.01755 1.00875 1.00238 1.01381 1.02383 1.03276 1.02383 1.01381 1.01567 1.03008 1.05083 1.03008 1.01567 1.01124 1.02046 1.02857 1.02046 1.01124 1.00492 1.01001 1.01308 1.01001 1.00492 0.998794 1.00153 1.00288 1.00153 0.998794 0.112498 0.111955 0.111789 0.111955 0.112498 0.11174 0.111048 0.110841 0.111048 0.11174 0.111418 0.110652 0.110417 0.110652 0.111418 0.111483 0.110733 0.110499 0.110733 0.111483 0.111963 0.111328 0.111132 0.111328 0.111963 0.991517 0.991517 0.983482 1.00401 0.115192 0.115192 0.114576 0.116094 0.137709 0.137709 0.136972 0.138786 
1.01459 1.06012 1.27258 2.05228 1.32157 1.02151 1.12722 1.93687 8.6029 2.05228 1.00977 1.04823 1.23158 1.93687 1.27258 1.00081 1.01305 1.04823 1.12722 1.06012 0.995549 1.00081 1.00977 1.02151 1.01459 1.01313 1.05362 1.23838 1.91227 1.28098 1.0191 1.11172 1.81223 7.55653 1.91227 1.00863 1.04299 1.20259 1.81223 1.23838 1.00036 1.01178 1.04299 1.11172 1.05362 0.995257 1.00036 1.00863 1.0191 1.01313 1.00399 1.01283 1.02373 1.03381 1.02627 1.00393 1.01449 1.03023 1.05251 1.03381 1.00144 1.0101 1.02065 1.03023 1.02373 0.997584 1.00378 1.0101 1.01449 1.01283 0.993423 0.997584 1.00144 1.00393 1.00399 0.112219 0.111788 0.11174 0.112052 0.11275 0.111437 0.110872 0.110803 0.111191 0.112052 0.111118 0.110486 0.110395 0.110803 0.11174 0.111201 0.110583 0.110486 0.110872 0.111788 0.111717 0.111201 0.111118 0.111437 0.112219 0.982861 1.00255 0.982861 1.00255 0.114537 0.115992 0.114537 0.115992 0.136925 0.138665 0.136925 0.138665 
0.99973 1.0142 1.06913 1.32107 2.29773 0.999926 1.02151 1.14347 2.05228 9.50459 0.996994 1.00989 1.05646 1.27276 2.14804 0.993462 1.00081 1.01658 1.06012 1.16788 0.990446 0.995276 1.00251 1.0142 1.03172 0.999322 1.01288 1.06159 1.28063 2.12466 0.999413 1.01925 1.1261 1.91248 8.33551 0.996653 1.00889 1.05044 1.23871 1.99523 0.993244 1.00048 1.01509 1.0537 1.14743 0.990228 0.995056 1.00199 1.01277 1.02843 0.996764 1.00455 1.01429 1.02687 1.0388 0.996194 1.00506 1.01708 1.03532 1.06154 0.994508 1.00258 1.01264 1.02505 1.03644 0.991873 0.998387 1.00575 1.01345 1.01911 0.98886 0.993673 0.99876 1.00375 1.00775 0.111938 0.111584 0.111627 0.112065 0.11295 0.111166 0.110691 0.11073 0.111264 0.112338 0.110861 0.110328 0.110354 0.110913 0.112049 0.110962 0.110443 0.110459 0.110987 0.112085 0.111501 0.111075 0.111086 0.111524 0.112465 0.976544 1.01493 0.981374 0.998753 0.114035 0.116861 0.114445 0.115729 0.136326 0.139703 0.136815 0.13835 
1.18903 1.06913 1.01991 1.00251 0.994837 2.14804 1.27258 1.05626 1.00977 0.996994 9.48405 2.04354 1.14022 1.01989 0.99877 2.14804 1.27258 1.05626 1.00977 0.996994 1.18903 1.06913 1.01991 1.00251 0.994837 1.16572 1.06151 1.01802 1.00203 0.994564 1.99522 1.23851 1.05022 1.00876 0.99665 8.31766 1.90478 1.12313 1.0177 0.998282 1.99522 1.23851 1.05022 1.00876 0.99665 1.16572 1.06151 1.01802 1.00203 0.994564 1.01947 1.01373 1.00613 0.999072 0.99285 1.03635 1.02472 1.01232 1.00239 0.994488 1.06057 1.03415 1.01593 1.00393 0.995218 1.03635 1.02472 1.01232 1.00239 0.994488 1.01947 1.01373 1.00613 0.999072 0.99285 0.112725 0.111793 0.111346 0.111315 0.111708 0.112252 0.111146 0.110601 0.110567 0.111064 0.112112 0.110948 0.110369 0.110333 0.110865 0.112252 0.111146 0.110601 0.110567 0.111064 0.112725 0.111793 0.111346 0.111315 0.111708 1.01661 0.976877 0.988928 0.988928 0.116979 0.114053 0.115017 0.115017 0.139844 0.136346 0.137499 0.137499 
1.06974 1.14347 1.05626 1.01658 1.00295 1.27276 1.93687 1.23153 1.04823 1.00989 2.04354 8.58725 1.92926 1.12408 1.01989 1.27276 1.93687 1.23153 1.04823 1.00989 1.06974 1.14347 1.05626 1.01658 1.00295 1.06205 1.12591 1.05007 1.01498 1.00238 1.23854 1.81221 1.20251 1.04298 1.00875 1.90459 7.5428 1.80544 1.10882 1.01755 1.23854 1.81221 1.20251 1.04298 1.00875 1.06205 1.12591 1.05007 1.01498 1.00238 1.01381 1.01567 1.01124 1.00492 0.998794 1.02383 1.03008 1.02046 1.01001 1.00153 1.03276 1.05083 1.02857 1.01308 1.00288 1.02383 1.03008 1.02046 1.01001 1.00153 1.01381 1.01567 1.01124 1.00492 0.998794 0.112498 0.11174 0.111418 0.111483 0.111963 0.111955 0.111048 0.110652 0.110733 0.111328 0.111789 0.110841 0.110417 0.110499 0.111132 0.111955 0.111048 0.110652 0.110733 0.111328 0.112498 0.11174 0.111418 0.111483 0.111963 1.00401 0.983482 0.991517 0.991517 0.116094 0.114576 0.115192 0.115192 0.138786 0.136972 0.137709 0.137709 
1.02063 1.05646 1.14022 1.05646 1.02063 1.05646 1.23158 1.92926 1.23158 1.05646 1.14022 1.92926 8.57168 1.92926 1.14022 1.05646 1.23158 1.92926 1.23158 1.05646 1.02063 1.05646 1.14022 1.05646 1.02063 1.01864 1.05027 1.12295 1.05027 1.01864 1.05027 1.20255 1.80542 1.20255 1.05027 1.12295 1.80542 7.52911 1.80542 1.12295 1.05027 1.20255 1.80542 1.20255 1.05027 1.01864 1.05027 1.12295 1.05027 1.01864 1.00615 1.01139 1.01463 1.01139 1.00615 1.01139 1.0204 1.02844 1.0204 1.01139 1.01463 1.02844 1.04885 1.02844 1.01463 1.01139 1.0204 1.02844 1.0204 1.01139 1.00615 1.01139 1.01463 1.01139 1.00615 0.112235 0.111634 0.111449 0.111634 0.112235 0.111634 0.110903 0.110678 0.110903 0.111634 0.111449 0.110678 0.110445 0.110678 0.111449 0.111634 0.110903 0.110678 0.110903 0.111634 0.112235 0.111634 0.111449 0.111634 0.112235 0.992552 0.992552 0.992552 0.992552 0.115262 0.115262 0.115262 0.115262 0.137793 0.137793 0.137793 0.137793 
1.00295 1.01658 1.05626 1.14347 1.06974 1.00989 1.04823 1.23153 1.93687 1.27276 1.01989 1.12408 1.92926 8.58725 2.04354 1.00989 1.04823 1.23153 1.93687 1.27276 1.00295 1.01658 1.05626 1.14347 1.06974 1.00238 1.01498 1.05007 1.12591 1.06205 1.00875 1.04298 1.20251 1.81221 1.23854 1.01755 1.10882 1.80544 7.5428 1.90459 1.00875 1.04298 1.20251 1.81221 1.23854 1.00238 1.01498 1.05007 1.12591 1.06205 0.998794 1.00492 1.01124 1.01567 1.01381 1.00153 1.01001 1.02046 1.03008 1.02383 1.00288 1.01308 1.02857 1.05083 1.03276 1.00153 1.01001 1.02046 1.03008 1.02383 0.998794 1.00492 1.01124 1.01567 1.01381 0.111963 0.111483 0.111418 0.11174 0.112498 0.111328 0.110733 0.110652 0.111048 0.111955 0.111132 0.110499 0.110417 0.110841 0.111789 0.111328 0.110733 0.110652 0.111048 0.111955 0.111963 0.111483 0.111418 0.11174 0.112498 0.983482 1.00401 0.991517 0.991517 0.114576 0.116094 0.115192 0.115192 0.136972 0.138786 0.137709 0.137709 
0.994837 1.00251 1.01991 1.06913 1.18903 0.996994 1.00977 1.05626 1.27258 2.14804 0.99877 1.01989 1.14022 2.04354 9.48405 0.996994 1.00977 1.05626 1.27258 2.14804 0.994837 1.00251 1.01991 1.06913 1.18903 0.994564 1.00203 1.01802 1.06151 1.16572 0.99665 1.00876 1.05022 1.23851 1.99522 0.998282 1.0177 1.12313 1.90478 8.31766 0.99665 1.00876 1.05022 1.23851 1.99522 0.994564 1.00203 1.01802 1.06151 1.16572 0.99285 0.999072 1.00613 1.01373 1.01947 0.994488 1.00239 1.01232 1.02472 1.03635 0.995218 1.00393 1.01593 1.03415 1.06057 0.994488 1.00239 1.01232 1.02472 1.03635 0.99285 0.999072 1.00613 1.01373 1.01947 0.111708 0.111315 0.111346 0.111793 0.112725 0.111064 0.110567 0.110601 0.111146 0.112252 0.110865 0.110333 0.110369 0.110948 0.112112 0.111064 0.110567 0.110601 0.111146 0.112252 0.111708 0.111315 0.111346 0.111793 0.112725 0.976877 1.01661 0.988928 0.988928 0.114053 0.116979 0.115017 0.115017 0.136346 0.139844 0.137499 0.137499 
1.03172 1.0142 1.00251 0.995276 0.990446 1.16788 1.06012 1.01658 1.00081 0.993462 2.14804 1.27276 1.05646 1.00989 0.996994 9.50459 2.05228 1.14347 1.02151 0.999926 2.29773 1.32107 1.06913 1.0142 0.99973 1.02843 1.01277 1.00199 0.995056 0.990228 1.14743 1.0537 1.01509 1.00048 0.993244 1.99523 1.23871 1.05044 1.00889 0.996653 8.33551 1.91248 1.1261 1.01925 0.999413 2.12466 1.28063 1.06159 1.01288 0.999322 1.00775 1.00375 0.99876 0.993673 0.98886 1.01911 1.01345 1.00575 0.998387 0.991873 1.03644 1.02505 1.01264 1.00258 0.994508 1.06154 1.03532 1.01708 1.00506 0.996194 1.0388 1.02687 1.01429 1.00455 0.996764 0.112465 0.111524 0.111086 0.111075 0.111501 0.112085 0.110987 0.110459 0.110443 0.110962 0.112049 0.110913 0.110354 0.110328 0.110861 0.112338 0.111264 0.11073 0.110691 0.111166 0.11295 0.112065 0.111627 0.111584 0.111938 1.01493 0.976544 0.998753 0.981374 0.116861 0.114035 0.115729 0.114445 0.139703 0.136326 0.13835 0.136815 
1.01459 1.02151 1.00977 1.00081 0.995549 1.06012 1.12722 1.04823 1.01305 1.00081 1.27258 1.93687 1.23158 1.04823 1.00977 2.05228 8.6029 1.93687 1.12722 1.02151 1.32157 2.05228 1.27258 1.06012 1.01459 1.01313 1.0191 1.00863 1.00036 0.995257 1.05362 1.11172 1.04299 1.01178 1.00036 1.23838 1.81223 1.20259 1.04299 1.00863 1.91227 7.55653 1.81223 1.11172 1.0191 1.28098 1.91227 1.23838 1.05362 1.01313 1.00399 1.00393 1.00144 0.997584 0.993423 1.01283 1.01449 1.0101 1.00378 0.997584 1.02373 1.03023 1.02065 1.0101 1.00144 1.03381 1.05251 1.03023 1.01449 1.00393 1.02627 1.03381 1.02373 1.01283 1.00399 0.112219 0.111437 0.111118 0.111201 0.111717 0.111788 0.110872 0.110486 0.110583 0.111201 0.11174 0.110803 0.110395 0.110486 0.111118 0.112052 0.111191 0.110803 0.110872 0.111437 0.11275 0.112052 0.11174 0.111788 0.112219 1.00255 0.982861 1.00255 0.982861 0.115992 0.114537 0.115992 0.114537 0.138665 0.136925 0.138665 0.136925 
1.00295 1.00989 1.01989 1.00989 1.00295 1.01658 1.04823 1.12408 1.04823 1.01658 1.05626 1.23153 1.92926 1.23153 1.05626 1.14347 1.93687 8.58725 1.93687 1.14347 1.06974 1.27276 2.04354 1.27276 1.06974 1.00238 1.00875 1.01755 1.00875 1.00238 1.01498 1.04298 1.10882 1.04298 1.01498 1.05007 1.20251 1.80544 1.20251 1.05007 1.12591 1.81221 7.5428 1.81221 1.12591 1.06205 1.23854 1.90459 1.23854 1.06205 0.998794 1.00153 1.00288 1.00153 0.998794 1.00492 1.01001 1.01308 1.01001 1.00492 1.01124 1.02046 1.02857 1.02046 1.01124 1.01567 1.03008 1.05083 1.03008 1.01567 1.01381 1.02383 1.03276 1.02383 1.01381 0.111963 0.111328 0.111132 0.111328 0.111963 0.111483 0.110733 0.110499 0.110733 0.111483 0.111418 0.110652 0.110417 0.110652 0.111418 0.11174 0.111048 0.110841 0.111048 0.11174 0.112498 0.111955 0.111789 0.111955 0.112498 0.991517 0.991517 1.00401 0.983482 0.115192 0.115192 0.116094 0.114576 0.137709 0.137709 0.138786 0.136972 
0.995549 1.00081 1.00977 1.02151 1.01459 1.00081 1.01305 1.04823 1.12722 1.06012 1.00977 1.04823 1.23158 1.93687 1.27258 1.02151 1.12722 1.93687 8.6029 2.05228 1.01459 1.06012 1.27258 2.05228 1.32157 0.995257 1.00036 1.00863 1.0191 1.01313 1.00036 1.01178 1.04299 1.11172 1.05362 1.00863 1.04299 1.20259 1.81223 1.23838 1.0191 1.11172 1.81223 7.55653 1.91227 1.01313 1.05362 1.23838 1.91227 1.28098 0.993423 0.997584 1.00144 1.00393 1.00399 0.997584 1.00378 1.0101 1.01449 1.01283 1.00144 1.0101 1.02065 1.03023 1.02373 1.00393 1.01449 1.03023 1.05251 1.03381 1.00399 1.01283 1.02373 1.03381 1.02627 0.111717 0.111201 0.111118 0.111437 0.112219 0.111201 0.110583 0.110486 0.110872 0.111788 0.111118 0.110486 0.110395 0.110803 0.11174 0.111437 0.110872 0.110803 0.111191 0.112052 0.112219 0.111788 0.11174 0.112052 0.11275 0.982861 1.00255 1.00255 0.982861 0.114537 0.115992 0.115992 0.114537 0.136925 0.138665 0.138665 0.136925 
0.990446 0.995276 1.00251 1.0142 1.03172 0.993462 1.00081 1.01658 1.06012 1.16788 0.996994 1.00989 1.05646 1.27276 2.14804 0.999926 1.02151 1.14347 2.05228 9.50459 0.99973 1.0142 1.06913 1.32107 2.29773 0.990228 0.995056 1.00199 1.01277 1.02843 0.993244 1.00048 1.01509 1.0537 1.14743 0.996653 1.00889 1.05044 1.23871 1.99523 0.999413 1.01925 1.1261 1.91248 8.33551 0.999322 1.01288 1.06159 1.28063 2.12466 0.98886 0.993673 0.99876 1.00375 1.00775 0.991873 0.998387 1.00575 1.01345 1.01911 0.994508 1.00258 1.01264 1.02505 1.03644 0.996194 1.00506 1.01708 1.03532 1.06154 0.996764 1.00455 1.01429 1.02687 1.0388 0.111501 0.111075 0.111086 0.111524 0.112465 0.110962 0.110443 0.110459 0.110987 0.112085 0.110861 0.110328 0.110354 0.110913 0.112049 0.111166 0.110691 0.11073 0.111264 0.112338 0.111938 0.111584 0.111627 0.112065 0.11295 0.976544 1.01493 0.998753 0.981374 0.114035 0.116861 0.115729 0.114445 0.136326 0.139703 0.13835 0.136815 
1.00455 0.99973 0.994837 0.990446 0.986883 1.03172 1.01459 1.00295 0.995549 0.990446 1.18903 1.06974 1.02063 1.00295 0.994837 2.29773 1.32157 1.06974 1.01459 0.99973 10.6045 2.29773 1.18903 1.03172 1.00455 1.00393 0.999319 0.994598 0.990282 0.986685 1.02858 1.01332 1.00257 0.995421 0.990282 1.16591 1.06232 1.01888 1.00257 0.994598 2.1249 1.28134 1.06232 1.01332 0.999319 9.28531 2.1249 1.16591 1.02858 1.00393 1.00003 0.996741 0.993095 0.989247 0.985442 1.00889 1.00534 1.00016 0.99462 0.989247 1.02088 1.01581 1.00793 1.00016 0.993095 1.04048 1.02885 1.01581 1.00534 0.996741 1.06978 1.04048 1.02088 1.00889 1.00003 0.112185 0.11127 0.110859 0.110873 0.111329 0.111868 0.110812 0.110321 0.110333 0.110873 0.111909 0.110837 0.110323 0.110321 0.110859 0.112316 0.111325 0.110837 0.110812 0.11127 0.113125 0.112316 0.111909 0.111868 0.112185 1.0103 0.975828 1.0103 0.975828 0.116538 0.114002 0.116538 0.114002 0.139317 0.136285 0.139317 0.136285 
0.99973 0.999926 0.996994 0.993462 0.990446 1.0142 1.02151 1.00989 1.00081 0.995276 1.06913 1.14347 1.05646 1.01658 1.00251 1.32107 2.05228 1.27276 1.06012 1.0142 2.29773 9.50459 2.14804 1.16788 1.03172 0.999322 0.999413 0.996653 0.993244 0.990228 1.01288 1.01925 1.00889 1.00048 0.995056 1.06159 1.1261 1.05044 1.01509 1.00199 1.28063 1.91248 1.23871 1.0537 1.01277 2.12466 8.33551 1.99523 1.14743 1.02843 0.996764 0.996194 0.994508 0.991873 0.98886 1.00455 1.00506 1.00258 0.998387 0.993673 1.01429 1.01708 1.01264 1.00575 0.99876 1.02687 1.03532 1.02505 1.01345 1.00375 1.0388 1.06154 1.03644 1.01911 1.00775 0.111938 0.111166 0.110861 0.110962 0.111501 0.111584 0.110691 0.110328 0.110443 0.111075 0.111627 0.11073 0.110354 0.110459 0.111086 0.112065 0.111264 0.110913 0.110987 0.111524 0.11295 0.112338 0.112049 0.112085 0.112465 0.998753 0.981374 1.01493 0.976544 0.115729 0.114445 0.116861 0.114035 0.13835 0.136815 0.139703 0.136326 
0.994837 0.996994 0.99877 0.996994 0.994837 1.00251 1.00977 1.01989 1.00977 1.00251 1.01991 1.05626 1.14022 1.05626 1.01991 1.06913 1.27258 2.04354 1.27258 1.06913 1.18903 2.14804 9.48405 2.14804 1.18903 0.994564 0.99665 0.998282 0.99665 0.994564 1.00203 1.00876 1.0177 1.00876 1.00203 1.01802 1.05022 1.12313 1.05022 1.01802 1.06151 1.23851 1.90478 1.23851 1.06151 1.16572 1.99522 8.31766 1.99522 1.16572 0.99285 0.994488 0.995218 0.994488 0.99285 0.999072 1.00239 1.00393 1.00239 0.999072 1.00613 1.01232 1.01593 1.01232 1.00613 1.01373 1.02472 1.03415 1.02472 1.01373 1.01947 1.03635 1.06057 1.03635 1.01947 0.111708 0.111064 0.110865 0.111064 0.111708 0.111315 0.110567 0.110333 0.110567 0.111315 0.111346 0.110601 0.110369 0.110601 0.111346 0.111793 0.111146 0.110948 0.111146 0.111793 0.112725 0.112252 0.112112 0.112252 0.112725 0.988928 0.988928 1.01661 0.976877 0.115017 0.115017 0.116979 0.114053 0.137499 0.137499 0.139844 0.136346 
0.990446 0.993462 0.996994 0.999926 0.99973 0.995276 1.00081 1.00989 1.02151 1.0142 1.00251 1.01658 1.05646 1.14347 1.06913 1.0142 1.06012 1.27276 2.05228 1.32107 1.03172 1.16788 2.14804 9.50459 2.29773 0.990228 0.993244 0.996653 0.999413 0.999322 0.995056 1.00048 1.00889 1.01925 1.01288 1.00199 1.01509 1.05044 1.1261 1.06159 1.01277 1.0537 1.23871 1.91248 1.28063 1.02843 1.14743 1.99523 8.33551 2.12466 0.98886 0.991873 0.994508 0.996194 0.996764 0.993673 0.998387 1.00258 1.00506 1.00455 0.99876 1.00575 1.01264 1.01708 1.01429 1.00375 1.01345 1.02505 1.03532 1.02687 1.00775 1.01911 1.03644 1.06154 1.0388 0.111501 0.110962 0.110861 0.111166 0.111938 0.111075 0.110443 0.110328 0.110691 0.111584 0.111086 0.110459 0.110354 0.11073 0.111627 0.111524 0.110987 0.110913 0.111264 0.112065 0.112465 0.112085 0.112049 0.112338 0.11295 0.981374 0.998753 1.01493 0.976544 0.114445 0.115729 0.116861 0.114035 0.136815 0.13835 0.139703 0.136326 
0.986883 0.990446 0.994837 0.99973 1.00455 0.990446 0.995549 1.00295 1.01459 1.03172 0.994837 1.00295 1.02063 1.06974 1.18903 0.99973 1.01459 1.06974 1.32157 2.29773 1.00455 1.03172 1.18903 2.29773 10.6045 0.986685 0.990282 0.994598 0.999319 1.00393 0.990282 0.995421 1.00257 1.01332 1.02858 0.994598 1.00257 1.01888 1.06232 1.16591 0.999319 1.01332 1.06232 1.28134 2.1249 1.00393 1.02858 1.16591 2.1249 9.28531 0.985442 0.989247 0.993095 0.996741 1.00003 0.989247 0.99462 1.00016 1.00534 1.00889 0.993095 1.00016 1.00793 1.01581 1.02088 0.996741 1.00534 1.01581 1.02885 1.04048 1.00003 1.00889 1.02088 1.04048 1.06978 0.111329 0.110873 0.110859 0.11127 0.112185 0.110873 0.110333 0.110321 0.110812 0.111868 0.110859 0.110321 0.110323 0.110837 0.111909 0.11127 0.110812 0.110837 0.111325 0.112316 0.112185 0.111868 0.111909 0.112316 0.113125 0.975828 1.0103 1.0103 0.975828 0.114002 0.116538 0.116538 0.114002 0.136285 0.139317 0.139317 0.136285 
9.28531 2.12466 1.16572 1.02843 1.00393 2.12466 1.28098 1.06205 1.01313 0.999322 1.16572 1.06205 1.01864 1.00238 0.994564 1.02843 1.01313 1.00238 0.995257 0.990228 1.00393 0.999322 0.994564 0.990228 0.986685 9.68313 1.97583 1.14577 1.02572 1.00337 1.97583 1.24627 1.05565 1.01203 0.998943 1.14577 1.05565 1.01713 1.00205 0.994335 1.02572 1.01203 1.00205 0.995141 0.990067 1.00337 0.998943 0.994335 0.990067 0.986489 1.0715 1.04028 1.02063 1.00873 0.999904 1.04028 1.02849 1.01552 1.00512 0.996562 1.02063 1.01552 1.00767 0.999942 0.992898 1.00873 1.00512 0.999942 0.99441 0.989051 0.999904 0.996562 0.992898 0.989051 0.985252 0.113134 0.112322 0.111913 0.11187 0.112184 0.112322 0.111328 0.110838 0.110811 0.111266 0.111913 0.110838 0.110321 0.110317 0.110852 0.11187 0.110811 0.110317 0.110327 0.110865 0.112184 0.111266 0.110852 0.110865 0.11132 1.01049 0.975654 0.975654 1.01049 0.116551 0.113988 0.113988 0.116551 0.139333 0.136269 0.136269 0.139333 
2.1249 8.33551 1.99522 1.14743 1.02858 1.28063 1.91227 1.23854 1.05362 1.01288 1.06151 1.12591 1.05027 1.01498 1.00203 1.01277 1.0191 1.00875 1.00036 0.995056 0.999319 0.999413 0.99665 0.993244 0.990282 1.97583 8.86257 1.86367 1.12978 1.02572 1.24572 1.79195 1.20917 1.04808 1.01161 1.05499 1.11092 1.04507 1.01369 1.00157 1.01161 1.01714 1.00787 1.00007 0.994847 0.998943 0.998945 0.996332 0.993034 0.990067 1.03882 1.06359 1.03655 1.01909 1.00774 1.02667 1.03531 1.02491 1.01333 1.00366 1.01407 1.01688 1.01246 1.0056 0.998638 1.00436 1.00486 1.0024 0.998231 0.993537 0.996582 0.996011 0.994335 0.991715 0.988717 0.112957 0.112349 0.11206 0.112095 0.112472 0.112066 0.111268 0.110917 0.110991 0.111526 0.111624 0.110729 0.110353 0.110458 0.111084 0.111578 0.110687 0.110324 0.110439 0.11107 0.11193 0.111158 0.110854 0.110955 0.111494 0.998599 0.981277 0.976379 1.01535 0.115718 0.114439 0.114022 0.116891 0.138338 0.136808 0.136309 0.139739 
1.16591 1.99523 8.31766 1.99523 1.16591 1.06159 1.23838 1.90459 1.23838 1.06159 1.01802 1.05007 1.12295 1.05007 1.01802 1.00199 1.00863 1.01755 1.00863 1.00199 0.994598 0.996653 0.998282 0.996653 0.994598 1.14577 1.86367 8.84705 1.86367 1.14577 1.05499 1.20899 1.78517 1.20899 1.05499 1.01636 1.04486 1.10822 1.04486 1.01636 1.00157 1.00775 1.01566 1.00775 1.00157 0.994335 0.996332 0.997837 0.996332 0.994335 1.01941 1.03648 1.06268 1.03648 1.01941 1.01359 1.02459 1.03419 1.02459 1.01359 1.00597 1.01215 1.01576 1.01215 1.00597 0.998907 1.00221 1.00376 1.00221 0.998907 0.992687 0.994318 0.995045 0.994318 0.992687 0.112732 0.112262 0.112125 0.112262 0.112732 0.111795 0.11115 0.110953 0.11115 0.111795 0.111343 0.1106 0.110369 0.1106 0.111343 0.11131 0.110562 0.110329 0.110562 0.11131 0.1117 0.111056 0.110858 0.111056 0.1117 0.988793 0.988793 0.976712 1.01705 0.115009 0.115009 0.114039 0.11701 0.137489 0.137489 0.13633 0.139881 
1.02858 1.14743 1.99522 8.33551 2.1249 1.01288 1.05362 1.23854 1.91227 1.28063 1.00203 1.01498 1.05027 1.12591 1.06151 0.995056 1.00036 1.00875 1.0191 1.01277 0.990282 0.993244 0.99665 0.999413 0.999319 1.02572 1.12978 1.86367 8.86257 1.97583 1.01161 1.04808 1.20917 1.79195 1.24572 1.00157 1.01369 1.04507 1.11092 1.05499 0.994847 1.00007 1.00787 1.01714 1.01161 0.990067 0.993034 0.996332 0.998945 0.998943 1.00774 1.01909 1.03655 1.06359 1.03882 1.00366 1.01333 1.02491 1.03531 1.02667 0.998638 1.0056 1.01246 1.01688 1.01407 0.993537 0.998231 1.0024 1.00486 1.00436 0.988717 0.991715 0.994335 0.996011 0.996582 0.112472 0.112095 0.11206 0.112349 0.112957 0.111526 0.110991 0.110917 0.111268 0.112066 0.111084 0.110458 0.110353 0.110729 0.111624 0.11107 0.110439 0.110324 0.110687 0.111578 0.111494 0.110955 0.110854 0.111158 0.11193 0.981277 0.998599 0.976379 1.01535 0.114439 0.115718 0.114022 0.116891 0.136808 0.138338 0.136309 0.139739 
1.00393 1.02843 1.16572 2.12466 9.28531 0.999322 1.01313 1.06205 1.28098 2.12466 0.994564 1.00238 1.01864 1.06205 1.16572 0.990228 0.995257 1.00238 1.01313 1.02843 0.986685 0.990228 0.994564 0.999322 1.00393 1.00337 1.02572 1.14577 1.97583 9.68313 0.998943 1.01203 1.05565 1.24627 1.97583 0.994335 1.00205 1.01713 1.05565 1.14577 0.990067 0.995141 1.00205 1.01203 1.02572 0.986489 0.990067 0.994335 0.998943 1.00337 0.999904 1.00873 1.02063 1.04028 1.0715 0.996562 1.00512 1.01552 1.02849 1.04028 0.992898 0.999942 1.00767 1.01552 1.02063 0.989051 0.99441 0.999942 1.00512 1.00873 0.985252 0.989051 0.992898 0.996562 0.999904 0.112184 0.11187 0.111913 0.112322 0.113134 0.111266 0.110811 0.110838 0.111328 0.112322 0.110852 0.110317 0.110321 0.110838 0.111913 0.110865 0.110327 0.110317 0.110811 0.11187 0.11132 0.110865 0.110852 0.111266 0.112184 0.975654 1.01049 0.975654 1.01049 0.113988 0.116551 0.113988 0.116551 0.136269 0.139333 0.136269 0.139333 
2.1249 1.28063 1.06151 1.01277 0.999319 8.33551 1.91227 1.12591 1.0191 0.999413 1.99522 1.23854 1.05027 1.00875 0.99665 1.14743 1.05362 1.01498 1.00036 0.993244 1.02858 1.01288 1.00203 0.995056 0.990282 1.97583 1.24572 1.05499 1.01161 0.998943 8.86257 1.79195 1.11092 1.01714 0.998945 1.86367 1.20917 1.04507 1.00787 0.996332 1.12978 1.04808 1.01369 1.00007 0.993034 1.02572 1.01161 1.00157 0.994847 0.990067 1.03882 1.02667 1.01407 1.00436 0.996582 1.06359 1.03531 1.01688 1.00486 0.996011 1.03655 1.02491 1.01246 1.0024 0.994335 1.01909 1.01333 1.0056 0.998231 0.991715 1.00774 1.00366 0.998638 0.993537 0.988717 0.112957 0.112066 0.111624 0.111578 0.11193 0.112349 0.111268 0.110729 0.110687 0.111158 0.11206 0.110917 0.110353 0.110324 0.110854 0.112095 0.110991 0.110458 0.110439 0.110955 0.112472 0.111526 0.111084 0.11107 0.111494 1.01535 0.976379 0.981277 0.998599 0.116891 0.114022 0.114439 0.115718 0.139739 0.136309 0.136808 0.138338 
1.28134 1.91248 1.23851 1.0537 1.01332 1.91248 7.55653 1.81221 1.11172 1.01925 1.23851 1.81221 1.20255 1.04298 1.00876 1.0537 1.11172 1.04298 1.01178 1.00048 1.01332 1.01925 1.00876 1.00048 0.995421 1.24627 1.79195 1.20899 1.04808 1.01203 1.79195 8.18922 1.70498 1.09835 1.01714 1.20899 1.70498 1.17755 1.03845 1.00775 1.04808 1.09835 1.03845 1.01067 1.00007 1.01203 1.01714 1.00775 1.00007 0.995141 1.02626 1.03401 1.02374 1.0128 1.00395 1.03401 1.05471 1.03044 1.01447 1.00389 1.02374 1.03044 1.02066 1.01006 1.00139 1.0128 1.01447 1.01006 1.00373 0.997538 1.00395 1.00389 1.00139 0.997538 0.993378 0.112753 0.112055 0.111742 0.111789 0.112219 0.112055 0.111194 0.110805 0.110873 0.111437 0.111742 0.110805 0.110396 0.110486 0.111117 0.111789 0.110873 0.110486 0.110582 0.1112 0.112219 0.111437 0.111117 0.1112 0.111715 1.00258 0.98282 0.98282 1.00258 0.115995 0.114534 0.114534 0.115995 0.138668 0.136922 0.136922 0.138668 
1.06232 1.23871 1.90478 1.23871 1.06232 1.1261 1.81223 7.5428 1.81223 1.1261 1.05022 1.20251 1.80542 1.20251 1.05022 1.01509 1.04299 1.10882 1.04299 1.01509 1.00257 1.00889 1.0177 1.00889 1.00257 1.05565 1.20917 1.78517 1.20917 1.05565 1.11092 1.70498 8.17715 1.70498 1.11092 1.04486 1.17749 1.6989 1.17749 1.04486 1.01369 1.03845 1.09566 1.03845 1.01369 1.00205 1.00787 1.01566 1.00787 1.00205 1.01379 1.02386 1.03299 1.02386 1.01379 1.01567 1.03031 1.05305 1.03031 1.01567 1.01121 1.02048 1.0288 1.02048 1.01121 1.00488 1.00998 1.01307 1.00998 1.00488 0.99876 1.00149 1.00284 1.00149 0.99876 0.1125 0.111957 0.111792 0.111957 0.1125 0.111741 0.111051 0.110845 0.111051 0.111741 0.111418 0.110654 0.110418 0.110654 0.111418 0.111483 0.110733 0.110499 0.110733 0.111483 0.111962 0.111328 0.111132 0.111328 0.111962 0.991494 0.991494 0.983448 1.00406 0.115191 0.115191 0.114574 0.116098 0.137707 0.137707 0.136969 0.138791 
1.01332 1.0537 1.23851 1.91248 1.28134 1.01925 1.11172 1.81221 7.55653 1.91248 1.00876 1.04298 1.20255 1.81221 1.23851 1.00048 1.01178 1.04298 1.11172 1.0537 0.995421 1.00048 1.00876 1.01925 1.01332 1.01203 1.04808 1.20899 1.79195 1.24627 1.01714 1.09835 1.70498 8.18922 1.79195 1.00775 1.03845 1.17755 1.70498 1.20899 1.00007 1.01067 1.03845 1.09835 1.04808 0.995141 1.00007 1.00775 1.01714 1.01203 1.00395 1.0128 1.02374 1.03401 1.02626 1.00389 1.01447 1.03044 1.05471 1.03401 1.00139 1.01006 1.02066 1.03044 1.02374 0.997538 1.00373 1.01006 1.01447 1.0128 0.993378 0.997538 1.00139 1.00389 1.00395 0.112219 0.111789 0.111742 0.112055 0.112753 0.111437 0.110873 0.110805 0.111194 0.112055 0.111117 0.110486 0.110396 0.110805 0.111742 0.1112 0.110582 0.110486 0.110873 0.111789 0.111715 0.1112 0.111117 0.111437 0.112219 0.98282 1.00258 0.98282 1.00258 0.114534 0.115995 0.114534 0.115995 0.136922 0.138668 0.136922 0.138668 
0.999319 1.01277 1.06151 1.28063 2.1249 0.999413 1.0191 1.12591 1.91227 8.33551 0.99665 1.00875 1.05027 1.23854 1.99522 0.993244 1.00036 1.01498 1.05362 1.14743 0.990282 0.995056 1.00203 1.01288 1.02858 0.998943 1.01161 1.05499 1.24572 1.97583 0.998945 1.01714 1.11092 1.79195 8.86257 0.996332 1.00787 1.04507 1.20917 1.86367 0.993034 1.00007 1.01369 1.04808 1.12978 0.990067 0.994847 1.00157 1.01161 1.02572 0.996582 1.00436 1.01407 1.02667 1.03882 0.996011 1.00486 1.01688 1.03531 1.06359 0.994335 1.0024 1.01246 1.02491 1.03655 0.991715 0.998231 1.0056 1.01333 1.01909 0.988717 0.993537 0.998638 1.00366 1.00774 0.11193 0.111578 0.111624 0.112066 0.112957 0.111158 0.110687 0.110729 0.111268 0.112349 0.110854 0.110324 0.110353 0.110917 0.11206 0.110955 0.110439 0.110458 0.110991 0.112095 0.111494 0.11107 0.111084 0.111526 0.112472 0.976379 1.01535 0.981277 0.998599 0.114022 0.116891 0.114439 0.115718 0.136309 0.139739 0.136808 0.138338 
1.16591 1.06159 1.01802 1.00199 0.994598 1.99523 1.23838 1.05007 1.00863 0.996653 8.31766 1.90459 1.12295 1.01755 0.998282 1.99523 1.23838 1.05007 1.00863 0.996653 1.16591 1.06159 1.01802 1.00199 0.994598 1.14577 1.05499 1.01636 1.00157 0.994335 1.86367 1.20899 1.04486 1.00775 0.996332 8.84705 1.78517 1.10822 1.01566 0.997837 1.86367 1.20899 1.04486 1.00775 0.996332 1.14577 1.05499 1.01636 1.00157 0.994335 1.01941 1.01359 1.00597 0.998907 0.992687 1.03648 1.02459 1.01215 1.00221 0.994318 1.06268 1.03419 1.01576 1.00376 0.995045 1.03648 1.02459 1.01215 1.00221 0.994318 1.01941 1.01359 1.00597 0.998907 0.992687 0.112732 0.111795 0.111343 0.11131 0.1117 0.112262 0.11115 0.1106 0.110562 0.111056 0.112125 0.110953 0.110369 0.110329 0.110858 0.112262 0.11115 0.1106 0.110562 0.111056 0.112732 0.111795 0.111343 0.11131 0.1117 1.01705 0.976712 0.988793 0.988793 0.11701 0.114039 0.115009 0.115009 0.139881 0.13633 0.137489 0.137489 
1.06232 1.1261 1.05022 1.01509 1.00257 1.23871 1.81223 1.20251 1.04299 1.00889 1.90478 7.5428 1.80542 1.10882 1.0177 1.23871 1.81223 1.20251 1.04299 1.00889 1.06232 1.1261 1.05022 1.01509 1.00257 1.05565 1.11092 1.04486 1.01369 1.00205 1.20917 1.70498 1.17749 1.03845 1.00787 1.78517 8.17715 1.6989 1.09566 1.01566 1.20917 1.70498 1.17749 1.03845 1.00787 1.05565 1.11092 1.04486 1.01369 1.00205 1.01379 1.01567 1.01121 1.00488 0.99876 1.02386 1.03031 1.02048 1.00998 1.00149 1.03299 1.05305 1.0288 1.01307 1.00284 1.02386 1.03031 1.02048 1.00998 1.00149 1.01379 1.01567 1.01121 1.00488 0.99876 0.1125 0.111741 0.111418 0.111483 0.111962 0.111957 0.111051 0.110654 0.110733 0.111328 0.111792 0.110845 0.110418 0.110499 0.111132 0.111957 0.111051 0.110654 0.110733 0.111328 0.1125 0.111741 0.111418 0.111483 0.111962 1.00406 0.983448 0.991494 0.991494 0.116098 0.114574 0.115191 0.115191 0.138791 0.136969 0.137707 0.137707 
1.01888 1.05044 1.12313 1.05044 1.01888 1.05044 1.20259 1.80544 1.20259 1.05044 1.12313 1.80544 7.52911 1.80544 1.12313 1.05044 1.20259 1.80544 1.20259 1.05044 1.01888 1.05044 1.12313 1.05044 1.01888 1.01713 1.04507 1.10822 1.04507 1.01713 1.04507 1.17755 1.6989 1.17755 1.04507 1.10822 1.6989 8.16507 1.6989 1.10822 1.04507 1.17755 1.6989 1.17755 1.04507 1.01713 1.04507 1.10822 1.04507 1.01713 1.00613 1.01138 1.01464 1.01138 1.00613 1.01138 1.02044 1.02868 1.02044 1.01138 1.01464 1.02868 1.0511 1.02868 1.01464 1.01138 1.02044 1.02868 1.02044 1.01138 1.00613 1.01138 1.01464 1.01138 1.00613 0.112236 0.111635 0.11145 0.111635 0.112236 0.111635 0.110904 0.11068 0.110904 0.111635 0.11145 0.11068 0.110448 0.11068 0.11145 0.111635 0.110904 0.11068 0.110904 0.111635 0.112236 0.111635 0.11145 0.111635 0.112236 0.992543 0.992543 0.992543 0.992543 0.115262 0.115262 0.115262 0.115262 0.137792 0.137792 0.137792 0.137792 
1.00257 1.01509 1.05022 1.1261 1.06232 1.00889 1.04299 1.20251 1.81223 1.23871 1.0177 1.10882 1.80542 7.5428 1.90478 1.00889 1.04299 1.20251 1.81223 1.23871 1.00257 1.01509 1.05022 1.1261 1.06232 1.00205 1.01369 1.04486 1.11092 1.05565 1.00787 1.03845 1.17749 1.70498 1.20917 1.01566 1.09566 1.6989 8.17715 1.78517 1.00787 1.03845 1.17749 1.70498 1.20917 1.00205 1.01369 1.04486 1.11092 1.05565 0.99876 1.00488 1.01121 1.01567 1.01379 1.00149 1.00998 1.02048 1.03031 1.02386 1.00284 1.01307 1.0288 1.05305 1.03299 1.00149 1.00998 1.02048 1.03031 1.02386 0.99876 1.00488 1.01121 1.01567 1.01379 0.111962 0.111483 0.111418 0.111741 0.1125 0.111328 0.110733 0.110654 0.111051 0.111957 0.111132 0.110499 0.110418 0.110845 0.111792 0.111328 0.110733 0.110654 0.111051 0.111957 0.111962 0.111483 0.111418 0.111741 0.1125 0.983448 1.00406 0.991494 0.991494 0.114574 0.116098 0.115191 0.115191 0.136969 0.138791 0.137707 0.137707 
0.994598 1.00199 1.01802 1.06159 1.16591 0.996653 1.00863 1.05007 1.23838 1.99523 0.998282 1.01755 1.12295 1.90459 8.31766 0.996653 1.00863 1.05007 1.23838 1.99523 0.994598 1.00199 1.01802 1.06159 1.16591 0.994335 1.00157 1.01636 1.05499 1.14577 0.996332 1.00775 1.04486 1.20899 1.86367 0.997837 1.01566 1.10822 1.78517 8.84705 0.996332 1.00775 1.04486 1.20899 1.86367 0.994335 1.00157 1.01636 1.05499 1.14577 0.992687 0.998907 1.00597 1.01359 1.01941 0.994318 1.00221 1.01215 1.02459 1.03648 0.995045 1.00376 1.01576 1.03419 1.06268 0.994318 1.00221 1.01215 1.02459 1.03648 0.992687 0.998907 1.00597 1.01359 1.01941 0.1117 0.11131 0.111343 0.111795 0.112732 0.111056 0.110562 0.1106 0.11115 0.112262 0.110858 0.110329 0.110369 0.110953 0.112125 0.111056 0.110562 0.1106 0.11115 0.112262 0.1117 0.11131 0.111343 0.111795 0.112732 0.976712 1.01705 0.988793 0.988793 0.114039 0.11701 0.115009 0.115009 0.13633 0.139881 0.137489 0.137489 
1.02858 1.01288 1.00203 0.995056 0.990282 1.14743 1.05362 1.01498 1.00036 0.993244 1.99522 1.23854 1.05027 1.00875 0.99665 8.33551 1.91227 1.12591 1.0191 0.999413 2.1249 1.28063 1.06151 1.01277 0.999319 1.02572 1.01161 1.00157 0.994847 0.990067 1.12978 1.04808 1.01369 1.00007 0.993034 1.86367 1.20917 1.04507 1.00787 0.996332 8.86257 1.79195 1.11092 1.01714 0.998945 1.97583 1.24572 1.05499 1.01161 0.998943 1.00774 1.00366 0.998638 0.993537 0.988717 1.01909 1.01333 1.0056 0.998231 0.991715 1.03655 1.02491 1.01246 1.0024 0.994335 1.06359 1.03531 1.01688 1.00486 0.996011 1.03882 1.02667 1.01407 1.00436 0.996582 0.112472 0.111526 0.111084 0.11107 0.111494 0.112095 0.110991 0.110458 0.110439 0.110955 0.11206 0.110917 0.110353 0.110324 0.110854 0.112349 0.111268 0.110729 0.110687 0.111158 0.112957 0.112066 0.111624 0.111578 0.11193 1.01535 0.976379 0.998599 0.981277 0.116891 0.114022 0.115718 0.114439 0.139739 0.136309 0.138338 0.136808 
1.01332 1.01925 1.00876 1.00048 0.995421 1.0537 1.11172 1.04298 1.01178 1.00048 1.23851 1.81221 1.20255 1.04298 1.00876 1.91248 7.55653 1.81221 1.11172 1.01925 1.28134 1.91248 1.23851 1.0537 1.01332 1.01203 1.01714 1.00775 1.00007 0.995141 1.04808 1.09835 1.03845 1.01067 1.00007 1.20899 1.70498 1.17755 1.03845 1.00775 1.79195 8.18922 1.70498 1.09835 1.01714 1.24627 1.79195 1.20899 1.04808 1.01203 1.00395 1.00389 1.00139 0.997538 0.993378 1.0128 1.01447 1.01006 1.00373 0.997538 1.02374 1.03044 1.02066 1.01006 1.00139 1.03401 1.05471 1.03044 1.01447 1.00389 1.02626 1.03401 1.02374 1.0128 1.00395 0.112219 0.111437 0.111117 0.1112 0.111715 0.111789 0.110873 0.110486 0.110582 0.1112 0.111742 0.110805 0.110396 0.110486 0.111117 0.112055 0.111194 0.110805 0.110873 0.111437 0.112753 0.112055 0.111742 0.111789 0.112219 1.00258 0.98282 1.00258 0.98282 0.115995 0.114534 0.115995 0.114534 0.138668 0.136922 0.138668 0.136922 
