41.4462 15.8786 6.64208 3.15219 1.94132 15.8786 8.97226 4.62546 2.50333 1.66621 6.64208 4.62546 2.85443 1.78667 1.30833 3.15219 2.50333 1.78667 1.27415 1.01695 1.94132 1.66621 1.30833 1.01695 0.857319 36.0204 13.8956 5.85728 2.8092 1.74443 13.8956 7.8952 4.10572 2.24723 1.50749 5.85728 4.10572 2.55849 1.6197 1.1937 2.8092 2.24723 1.6197 1.16671 0.935108 1.74443 1.50749 1.1937 0.935108 0.790147 1.12505 0.938306 0.728846 0.567818 0.45771 0.938306 0.857096 0.709416 0.573718 0.470265 0.728846 0.709416 0.62466 0.52863 0.444539 0.567818 0.573718 0.52863 0.464618 0.400262 0.45771 0.470265 0.444539 0.400262 0.351095 0.136167 0.135647 0.134151 0.13199 0.129255 0.135647 0.135131 0.133601 0.131346 0.128529 0.134151 0.133601 0.132159 0.130025 0.12736 0.13199 0.131346 0.130025 0.128114 0.125732 0.129255 0.128529 0.12736 0.125732 0.12371 0.13484 0.113798 0.113798 0.13484 0.131953 0.112369 0.112369 0.131953 0.116935 0.0995802 0.0995802 0.116935 
15.8786 32.2429 12.4231 5.45401 3.15219 8.97165 11.5623 6.88287 3.8104 2.50283 4.62469 4.89685 3.58669 2.39613 1.78601 2.50283 2.45671 2.01557 1.54702 1.2737 1.66621 1.60153 1.39649 1.16433 1.01695 13.8888 28.0226 10.885 4.81782 2.80451 7.88795 10.1431 6.0726 3.3908 2.24191 4.09927 4.34076 3.19858 2.15509 1.6146 2.24211 2.20635 1.82103 1.4078 1.16243 1.50379 1.45114 1.27195 1.06598 0.931913 0.886378 1.00428 0.834683 0.660505 0.532382 0.806308 0.870203 0.777871 0.648949 0.536805 0.66572 0.706939 0.662418 0.580003 0.494478 0.538354 0.57033 0.549771 0.498074 0.435233 0.442313 0.46826 0.457987 0.423208 0.376132 0.134963 0.135524 0.134842 0.133248 0.130925 0.134329 0.134812 0.134134 0.132515 0.13016 0.13286 0.133197 0.132559 0.131066 0.128889 0.130789 0.130946 0.130349 0.129043 0.127143 0.128224 0.128213 0.127673 0.126577 0.125002 0.129361 0.117315 0.114382 0.136141 0.126888 0.115672 0.112916 0.133167 0.112447 0.102507 0.100065 0.118011 
6.64208 12.4231 31.0619 12.4231 6.64208 4.62469 6.88265 10.7544 6.88265 4.62469 2.85343 3.58641 4.44518 3.58641 2.85343 1.78601 2.01538 2.22275 2.01538 1.78601 1.30833 1.39649 1.46231 1.39649 1.30833 5.8502 10.8836 26.9931 10.8836 5.8502 4.09783 6.07092 9.43842 6.07092 4.09783 2.55112 3.19695 3.9467 3.19695 2.55112 1.61366 1.81969 2.0024 1.81969 1.61366 1.18928 1.27098 1.33 1.27098 1.18928 0.675365 0.823855 0.965138 0.823855 0.675365 0.654891 0.766587 0.839605 0.766587 0.654891 0.575553 0.652018 0.68928 0.652018 0.575553 0.487369 0.540875 0.56252 0.540875 0.487369 0.411178 0.450728 0.465364 0.450728 0.411178 0.133043 0.134626 0.135231 0.134626 0.133043 0.13231 0.133854 0.134421 0.133854 0.13231 0.130928 0.132282 0.132766 0.132282 0.130928 0.129018 0.130123 0.130513 0.130123 0.129018 0.126678 0.127526 0.12783 0.127526 0.126678 0.122882 0.122882 0.114667 0.136733 0.12087 0.12087 0.113183 0.13372 0.107114 0.107114 0.100301 0.118501 
3.15219 5.45401 12.4231 32.2429 15.8786 2.50283 3.8104 6.88287 11.5623 8.97165 1.78601 2.39613 3.58669 4.89685 4.62469 1.2737 1.54702 2.01557 2.45671 2.50283 1.01695 1.16433 1.39649 1.60153 1.66621 2.80451 4.81782 10.885 28.0226 13.8888 2.24191 3.3908 6.0726 10.1431 7.88795 1.6146 2.15509 3.19858 4.34076 4.09927 1.16243 1.4078 1.82103 2.20635 2.24211 0.931913 1.06598 1.27195 1.45114 1.50379 0.532382 0.660505 0.834683 1.00428 0.886378 0.536805 0.648949 0.777871 0.870203 0.806308 0.494478 0.580003 0.662418 0.706939 0.66572 0.435233 0.498074 0.549771 0.57033 0.538354 0.376132 0.423208 0.457987 0.46826 0.442313 0.130925 0.133248 0.134842 0.135524 0.134963 0.13016 0.132515 0.134134 0.134812 0.134329 0.128889 0.131066 0.132559 0.133197 0.13286 0.127143 0.129043 0.130349 0.130946 0.130789 0.125002 0.126577 0.127673 0.128213 0.128224 0.117315 0.129361 0.114382 0.136141 0.115672 0.126888 0.112916 0.133167 0.102507 0.112447 0.100065 0.118011 
1.94132 3.15219 6.64208 15.8786 41.4462 1.66621 2.50333 4.62546 8.97226 15.8786 1.30833 1.78667 2.85443 4.62546 6.64208 1.01695 1.27415 1.78667 2.50333 3.15219 0.857319 1.01695 1.30833 1.66621 1.94132 1.74443 2.8092 5.85728 13.8956 36.0204 1.50749 2.24723 4.10572 7.8952 13.8956 1.1937 1.6197 2.55849 4.10572 5.85728 0.935108 1.16671 1.6197 2.24723 2.8092 0.790147 0.935108 1.1937 1.50749 1.74443 0.45771 0.567818 0.728846 0.938306 1.12505 0.470265 0.573718 0.709416 0.857096 0.938306 0.444539 0.52863 0.62466 0.709416 0.728846 0.400262 0.464618 0.52863 0.573718 0.567818 0.351095 0.400262 0.444539 0.470265 0.45771 0.129255 0.13199 0.134151 0.135647 0.136167 0.128529 0.131346 0.133601 0.135131 0.135647 0.12736 0.130025 0.132159 0.133601 0.134151 0.125732 0.128114 0.130025 0.131346 0.13199 0.12371 0.125732 0.12736 0.128529 0.129255 0.113798 0.13484 0.113798 0.13484 0.112369 0.131953 0.112369 0.131953 0.0995802 0.116935 0.0995802 0.116935 
15.8786 8.97165 4.62469 2.50283 1.66621 32.2429 11.5623 4.89685 2.45671 1.60153 12.4231 6.88287 3.58669 2.01557 1.39649 5.45401 3.8104 2.39613 1.54702 1.16433 3.15219 2.50283 1.78601 1.2737 1.01695 13.8888 7.88795 4.09927 2.24211 1.50379 28.0226 10.1431 4.34076 2.20635 1.45114 10.885 6.0726 3.19858 1.82103 1.27195 4.81782 3.3908 2.15509 1.4078 1.06598 2.80451 2.24191 1.6146 1.16243 0.931913 0.886378 0.806308 0.66572 0.538354 0.442313 1.00428 0.870203 0.706939 0.57033 0.46826 0.834683 0.777871 0.662418 0.549771 0.457987 0.660505 0.648949 0.580003 0.498074 0.423208 0.532382 0.536805 0.494478 0.435233 0.376132 0.134963 0.134329 0.13286 0.130789 0.128224 0.135524 0.134812 0.133197 0.130946 0.128213 0.134842 0.134134 0.132559 0.130349 0.127673 0.133248 0.132515 0.131066 0.129043 0.126577 0.130925 0.13016 0.128889 0.127143 0.125002 0.136141 0.114382 0.117315 0.129361 0.133167 0.112916 0.115672 0.126888 0.118011 0.100065 0.102507 0.112447 
8.97226 11.5623 6.88265 3.8104 2.50333 11.5623 25.6084 9.15529 4.06415 2.45671 6.88265 9.15529 5.34287 2.98904 2.01538 3.8104 4.06415 2.98904 2.03295 1.54702 2.50333 2.45671 2.01538 1.54702 1.27415 7.88236 10.1365 6.06629 3.38561 2.23813 10.1365 22.2579 8.04502 3.61077 2.20155 6.06629 8.04502 4.72909 2.67361 1.81622 3.38561 3.61077 2.67361 1.83511 1.40364 2.23813 2.20155 1.81622 1.40364 1.15932 0.760079 0.820282 0.731583 0.609688 0.50499 0.820282 0.922776 0.790497 0.648135 0.534098 0.731583 0.790497 0.718311 0.612377 0.514633 0.609688 0.648135 0.612377 0.542304 0.466667 0.50499 0.534098 0.514633 0.466667 0.408847 0.133819 0.134147 0.133474 0.131994 0.12987 0.134147 0.134497 0.133739 0.132129 0.129875 0.133474 0.133739 0.13301 0.13146 0.129282 0.131994 0.132129 0.13146 0.130068 0.128097 0.12987 0.129875 0.129282 0.128097 0.126416 0.130516 0.118043 0.118043 0.130516 0.127967 0.116354 0.116354 0.127967 0.113403 0.103111 0.103111 0.113403 
4.62546 6.88287 10.7544 6.88287 4.62546 4.89685 9.15529 24.7826 9.15529 4.89685 3.58641 5.34278 8.56426 5.34278 3.58641 2.39613 2.98904 3.70686 2.98904 2.39613 1.78667 2.01557 2.22275 2.01557 1.78667 4.0934 6.06513 9.43204 6.06513 4.0934 4.33369 8.04356 21.5377 8.04356 4.33369 3.19158 4.7276 7.52951 4.7276 3.19158 2.14917 2.67235 3.29917 2.67235 2.14917 1.61027 1.81533 1.99767 1.81533 1.61027 0.616386 0.721465 0.791358 0.721465 0.616386 0.653553 0.779485 0.89335 0.779485 0.653553 0.611458 0.707652 0.768563 0.707652 0.611458 0.535323 0.602894 0.635126 0.602894 0.535323 0.457463 0.506711 0.526775 0.506711 0.457463 0.131954 0.133302 0.133798 0.133302 0.131954 0.132072 0.133499 0.134046 0.133499 0.132072 0.131429 0.132761 0.133253 0.132761 0.131429 0.130106 0.13125 0.131661 0.13125 0.130106 0.128228 0.129147 0.129476 0.129147 0.128228 0.123818 0.123818 0.118393 0.131051 0.121747 0.121747 0.116681 0.128468 0.10789 0.10789 0.103401 0.113847 
2.50333 3.8104 6.88265 11.5623 8.97226 2.45671 4.06415 9.15529 25.6084 11.5623 2.01538 2.98904 5.34287 9.15529 6.88265 1.54702 2.03295 2.98904 4.06415 3.8104 1.27415 1.54702 2.01538 2.45671 2.50333 2.23813 3.38561 6.06629 10.1365 7.88236 2.20155 3.61077 8.04502 22.2579 10.1365 1.81622 2.67361 4.72909 8.04502 6.06629 1.40364 1.83511 2.67361 3.61077 3.38561 1.15932 1.40364 1.81622 2.20155 2.23813 0.50499 0.609688 0.731583 0.820282 0.760079 0.534098 0.648135 0.790497 0.922776 0.820282 0.514633 0.612377 0.718311 0.790497 0.731583 0.466667 0.542304 0.612377 0.648135 0.609688 0.408847 0.466667 0.514633 0.534098 0.50499 0.12987 0.131994 0.133474 0.134147 0.133819 0.129875 0.132129 0.133739 0.134497 0.134147 0.129282 0.13146 0.13301 0.133739 0.133474 0.128097 0.130068 0.13146 0.132129 0.131994 0.126416 0.128097 0.129282 0.129875 0.12987 0.118043 0.130516 0.118043 0.130516 0.116354 0.127967 0.116354 0.127967 0.103111 0.113403 0.103111 0.113403 
1.66621 2.50283 4.62469 8.97165 15.8786 1.60153 2.45671 4.89685 11.5623 32.2429 1.39649 2.01557 3.58669 6.88287 12.4231 1.16433 1.54702 2.39613 3.8104 5.45401 1.01695 1.2737 1.78601 2.50283 3.15219 1.50379 2.24211 4.09927 7.88795 13.8888 1.45114 2.20635 4.34076 10.1431 28.0226 1.27195 1.82103 3.19858 6.0726 10.885 1.06598 1.4078 2.15509 3.3908 4.81782 0.931913 1.16243 1.6146 2.24191 2.80451 0.442313 0.538354 0.66572 0.806308 0.886378 0.46826 0.57033 0.706939 0.870203 1.00428 0.457987 0.549771 0.662418 0.777871 0.834683 0.423208 0.498074 0.580003 0.648949 0.660505 0.376132 0.435233 0.494478 0.536805 0.532382 0.128224 0.130789 0.13286 0.134329 0.134963 0.128213 0.130946 0.133197 0.134812 0.135524 0.127673 0.130349 0.132559 0.134134 0.134842 0.126577 0.129043 0.131066 0.132515 0.133248 0.125002 0.127143 0.128889 0.13016 0.130925 0.114382 0.136141 0.117315 0.129361 0.112916 0.133167 0.115672 0.126888 0.100065 0.118011 0.102507 0.112447 
6.64208 4.62469 2.85343 1.78601 1.30833 12.4231 6.88265 3.58641 2.01538 1.39649 31.0619 10.7544 4.44518 2.22275 1.46231 12.4231 6.88265 3.58641 2.01538 1.39649 6.64208 4.62469 2.85343 1.78601 1.30833 5.8502 4.09783 2.55112 1.61366 1.18928 10.8836 6.07092 3.19695 1.81969 1.27098 26.9931 9.43842 3.9467 2.0024 1.33 10.8836 6.07092 3.19695 1.81969 1.27098 5.8502 4.09783 2.55112 1.61366 1.18928 0.675365 0.654891 0.575553 0.487369 0.411178 0.823855 0.766587 0.652018 0.540875 0.450728 0.965138 0.839605 0.68928 0.56252 0.465364 0.823855 0.766587 0.652018 0.540875 0.450728 0.675365 0.654891 0.575553 0.487369 0.411178 0.133043 0.13231 0.130928 0.129018 0.126678 0.134626 0.133854 0.132282 0.130123 0.127526 0.135231 0.134421 0.132766 0.130513 0.12783 0.134626 0.133854 0.132282 0.130123 0.127526 0.133043 0.13231 0.130928 0.129018 0.126678 0.136733 0.114667 0.122882 0.122882 0.13372 0.113183 0.12087 0.12087 0.118501 0.100301 0.107114 0.107114 
4.62546 4.89685 3.58641 2.39613 1.78667 6.88287 9.15529 5.34278 2.98904 2.01557 10.7544 24.7826 8.56426 3.70686 2.22275 6.88287 9.15529 5.34278 2.98904 2.01557 4.62546 4.89685 3.58641 2.39613 1.78667 4.0934 4.33369 3.19158 2.14917 1.61027 6.06513 8.04356 4.7276 2.67235 1.81533 9.43204 21.5377 7.52951 3.29917 1.99767 6.06513 8.04356 4.7276 2.67235 1.81533 4.0934 4.33369 3.19158 2.14917 1.61027 0.616386 0.653553 0.611458 0.535323 0.457463 0.721465 0.779485 0.707652 0.602894 0.506711 0.791358 0.89335 0.768563 0.635126 0.526775 0.721465 0.779485 0.707652 0.602894 0.506711 0.616386 0.653553 0.611458 0.535323 0.457463 0.131954 0.132072 0.131429 0.130106 0.128228 0.133302 0.133499 0.132761 0.13125 0.129147 0.133798 0.134046 0.133253 0.131661 0.129476 0.133302 0.133499 0.132761 0.13125 0.129147 0.131954 0.132072 0.131429 0.130106 0.128228 0.131051 0.118393 0.123818 0.123818 0.128468 0.116681 0.121747 0.121747 0.113847 0.103401 0.10789 0.10789 
2.85443 3.58669 4.44518 3.58669 2.85443 3.58669 5.34287 8.56426 5.34287 3.58669 4.44518 8.56426 24.0509 8.56426 4.44518 3.58669 5.34287 8.56426 5.34287 3.58669 2.85443 3.58669 4.44518 3.58669 2.85443 2.54629 3.19064 3.93978 3.19064 2.54629 3.19064 4.7263 7.52808 4.7263 3.19064 3.93978 7.52808 20.8998 7.52808 3.93978 3.19064 4.7263 7.52808 4.7263 3.19064 2.54629 3.19064 3.93978 3.19064 2.54629 0.532545 0.602453 0.637085 0.602453 0.532545 0.602453 0.69732 0.757736 0.69732 0.602453 0.637085 0.757736 0.868018 0.757736 0.637085 0.602453 0.69732 0.757736 0.69732 0.602453 0.532545 0.602453 0.637085 0.602453 0.532545 0.130195 0.131288 0.131683 0.131288 0.130195 0.131288 0.132549 0.133017 0.132549 0.131288 0.131683 0.133017 0.133533 0.133017 0.131683 0.131288 0.132549 0.133017 0.132549 0.131288 0.130195 0.131288 0.131683 0.131288 0.130195 0.12426 0.12426 0.12426 0.12426 0.122161 0.122161 0.122161 0.122161 0.108257 0.108257 0.108257 0.108257 
1.78667 2.39613 3.58641 4.89685 4.62546 2.01557 2.98904 5.34278 9.15529 6.88287 2.22275 3.70686 8.56426 24.7826 10.7544 2.01557 2.98904 5.34278 9.15529 6.88287 1.78667 2.39613 3.58641 4.89685 4.62546 1.61027 2.14917 3.19158 4.33369 4.0934 1.81533 2.67235 4.7276 8.04356 6.06513 1.99767 3.29917 7.52951 21.5377 9.43204 1.81533 2.67235 4.7276 8.04356 6.06513 1.61027 2.14917 3.19158 4.33369 4.0934 0.457463 0.535323 0.611458 0.653553 0.616386 0.506711 0.602894 0.707652 0.779485 0.721465 0.526775 0.635126 0.768563 0.89335 0.791358 0.506711 0.602894 0.707652 0.779485 0.721465 0.457463 0.535323 0.611458 0.653553 0.616386 0.128228 0.130106 0.131429 0.132072 0.131954 0.129147 0.13125 0.132761 0.133499 0.133302 0.129476 0.131661 0.133253 0.134046 0.133798 0.129147 0.13125 0.132761 0.133499 0.133302 0.128228 0.130106 0.131429 0.132072 0.131954 0.118393 0.131051 0.123818 0.123818 0.116681 0.128468 0.121747 0.121747 0.103401 0.113847 0.10789 0.10789 
1.30833 1.78601 2.85343 4.62469 6.64208 1.39649 2.01538 3.58641 6.88265 12.4231 1.46231 2.22275 4.44518 10.7544 31.0619 1.39649 2.01538 3.58641 6.88265 12.4231 1.30833 1.78601 2.85343 4.62469 6.64208 1.18928 1.61366 2.55112 4.09783 5.8502 1.27098 1.81969 3.19695 6.07092 10.8836 1.33 2.0024 3.9467 9.43842 26.9931 1.27098 1.81969 3.19695 6.07092 10.8836 1.18928 1.61366 2.55112 4.09783 5.8502 0.411178 0.487369 0.575553 0.654891 0.675365 0.450728 0.540875 0.652018 0.766587 0.823855 0.465364 0.56252 0.68928 0.839605 0.965138 0.450728 0.540875 0.652018 0.766587 0.823855 0.411178 0.487369 0.575553 0.654891 0.675365 0.126678 0.129018 0.130928 0.13231 0.133043 0.127526 0.130123 0.132282 0.133854 0.134626 0.12783 0.130513 0.132766 0.134421 0.135231 0.127526 0.130123 0.132282 0.133854 0.134626 0.126678 0.129018 0.130928 0.13231 0.133043 0.114667 0.136733 0.122882 0.122882 0.113183 0.13372 0.12087 0.12087 0.100301 0.118501 0.107114 0.107114 
3.15219 2.50283 1.78601 1.2737 1.01695 5.45401 3.8104 2.39613 1.54702 1.16433 12.4231 6.88287 3.58669 2.01557 1.39649 32.2429 11.5623 4.89685 2.45671 1.60153 15.8786 8.97165 4.62469 2.50283 1.66621 2.80451 2.24191 1.6146 1.16243 0.931913 4.81782 3.3908 2.15509 1.4078 1.06598 10.885 6.0726 3.19858 1.82103 1.27195 28.0226 10.1431 4.34076 2.20635 1.45114 13.8888 7.88795 4.09927 2.24211 1.50379 0.532382 0.536805 0.494478 0.435233 0.376132 0.660505 0.648949 0.580003 0.498074 0.423208 0.834683 0.777871 0.662418 0.549771 0.457987 1.00428 0.870203 0.706939 0.57033 0.46826 0.886378 0.806308 0.66572 0.538354 0.442313 0.130925 0.13016 0.128889 0.127143 0.125002 0.133248 0.132515 0.131066 0.129043 0.126577 0.134842 0.134134 0.132559 0.130349 0.127673 0.135524 0.134812 0.133197 0.130946 0.128213 0.134963 0.134329 0.13286 0.130789 0.128224 0.136141 0.114382 0.129361 0.117315 0.133167 0.112916 0.126888 0.115672 0.118011 0.100065 0.112447 0.102507 
2.50333 2.45671 2.01538 1.54702 1.27415 3.8104 4.06415 2.98904 2.03295 1.54702 6.88265 9.15529 5.34287 2.98904 2.01538 11.5623 25.6084 9.15529 4.06415 2.45671 8.97226 11.5623 6.88265 3.8104 2.50333 2.23813 2.20155 1.81622 1.40364 1.15932 3.38561 3.61077 2.67361 1.83511 1.40364 6.06629 8.04502 4.72909 2.67361 1.81622 10.1365 22.2579 8.04502 3.61077 2.20155 7.88236 10.1365 6.06629 3.38561 2.23813 0.50499 0.534098 0.514633 0.466667 0.408847 0.609688 0.648135 0.612377 0.542304 0.466667 0.731583 0.790497 0.718311 0.612377 0.514633 0.820282 0.922776 0.790497 0.648135 0.534098 0.760079 0.820282 0.731583 0.609688 0.50499 0.12987 0.129875 0.129282 0.128097 0.126416 0.131994 0.132129 0.13146 0.130068 0.128097 0.133474 0.133739 0.13301 0.13146 0.129282 0.134147 0.134497 0.133739 0.132129 0.129875 0.133819 0.134147 0.133474 0.131994 0.12987 0.130516 0.118043 0.130516 0.118043 0.127967 0.116354 0.127967 0.116354 0.113403 0.103111 0.113403 0.103111 
1.78667 2.01557 2.22275 2.01557 1.78667 2.39613 2.98904 3.70686 2.98904 2.39613 3.58641 5.34278 8.56426 5.34278 3.58641 4.89685 9.15529 24.7826 9.15529 4.89685 4.62546 6.88287 10.7544 6.88287 4.62546 1.61027 1.81533 1.99767 1.81533 1.61027 2.14917 2.67235 3.29917 2.67235 2.14917 3.19158 4.7276 7.52951 4.7276 3.19158 4.33369 8.04356 21.5377 8.04356 4.33369 4.0934 6.06513 9.43204 6.06513 4.0934 0.457463 0.506711 0.526775 0.506711 0.457463 0.535323 0.602894 0.635126 0.602894 0.535323 0.611458 0.707652 0.768563 0.707652 0.611458 0.653553 0.779485 0.89335 0.779485 0.653553 0.616386 0.721465 0.791358 0.721465 0.616386 0.128228 0.129147 0.129476 0.129147 0.128228 0.130106 0.13125 0.131661 0.13125 0.130106 0.131429 0.132761 0.133253 0.132761 0.131429 0.132072 0.133499 0.134046 0.133499 0.132072 0.131954 0.133302 0.133798 0.133302 0.131954 0.123818 0.123818 0.131051 0.118393 0.121747 0.121747 0.128468 0.116681 0.10789 0.10789 0.113847 0.103401 
1.27415 1.54702 2.01538 2.45671 2.50333 1.54702 2.03295 2.98904 4.06415 3.8104 2.01538 2.98904 5.34287 9.15529 6.88265 2.45671 4.06415 9.15529 25.6084 11.5623 2.50333 3.8104 6.88265 11.5623 8.97226 1.15932 1.40364 1.81622 2.20155 2.23813 1.40364 1.83511 2.67361 3.61077 3.38561 1.81622 2.67361 4.72909 8.04502 6.06629 2.20155 3.61077 8.04502 22.2579 10.1365 2.23813 3.38561 6.06629 10.1365 7.88236 0.408847 0.466667 0.514633 0.534098 0.50499 0.466667 0.542304 0.612377 0.648135 0.609688 0.514633 0.612377 0.718311 0.790497 0.731583 0.534098 0.648135 0.790497 0.922776 0.820282 0.50499 0.609688 0.731583 0.820282 0.760079 0.126416 0.128097 0.129282 0.129875 0.12987 0.128097 0.130068 0.13146 0.132129 0.131994 0.129282 0.13146 0.13301 0.133739 0.133474 0.129875 0.132129 0.133739 0.134497 0.134147 0.12987 0.131994 0.133474 0.134147 0.133819 0.118043 0.130516 0.130516 0.118043 0.116354 0.127967 0.127967 0.116354 0.103111 0.113403 0.113403 0.103111 
1.01695 1.2737 1.78601 2.50283 3.15219 1.16433 1.54702 2.39613 3.8104 5.45401 1.39649 2.01557 3.58669 6.88287 12.4231 1.60153 2.45671 4.89685 11.5623 32.2429 1.66621 2.50283 4.62469 8.97165 15.8786 0.931913 1.16243 1.6146 2.24191 2.80451 1.06598 1.4078 2.15509 3.3908 4.81782 1.27195 1.82103 3.19858 6.0726 10.885 1.45114 2.20635 4.34076 10.1431 28.0226 1.50379 2.24211 4.09927 7.88795 13.8888 0.376132 0.435233 0.494478 0.536805 0.532382 0.423208 0.498074 0.580003 0.648949 0.660505 0.457987 0.549771 0.662418 0.777871 0.834683 0.46826 0.57033 0.706939 0.870203 1.00428 0.442313 0.538354 0.66572 0.806308 0.886378 0.125002 0.127143 0.128889 0.13016 0.130925 0.126577 0.129043 0.131066 0.132515 0.133248 0.127673 0.130349 0.132559 0.134134 0.134842 0.128213 0.130946 0.133197 0.134812 0.135524 0.128224 0.130789 0.13286 0.134329 0.134963 0.114382 0.136141 0.129361 0.117315 0.112916 0.133167 0.126888 0.115672 0.100065 0.118011 0.112447 0.102507 
1.94132 1.66621 1.30833 1.01695 0.857319 3.15219 2.50333 1.78667 1.27415 1.01695 6.64208 4.62546 2.85443 1.78667 1.30833 15.8786 8.97226 4.62546 2.50333 1.66621 41.4462 15.8786 6.64208 3.15219 1.94132 1.74443 1.50749 1.1937 0.935108 0.790147 2.8092 2.24723 1.6197 1.16671 0.935108 5.85728 4.10572 2.55849 1.6197 1.1937 13.8956 7.8952 4.10572 2.24723 1.50749 36.0204 13.8956 5.85728 2.8092 1.74443 0.45771 0.470265 0.444539 0.400262 0.351095 0.567818 0.573718 0.52863 0.464618 0.400262 0.728846 0.709416 0.62466 0.52863 0.444539 0.938306 0.857096 0.709416 0.573718 0.470265 1.12505 0.938306 0.728846 0.567818 0.45771 0.129255 0.128529 0.12736 0.125732 0.12371 0.13199 0.131346 0.130025 0.128114 0.125732 0.134151 0.133601 0.132159 0.130025 0.12736 0.135647 0.135131 0.133601 0.131346 0.128529 0.136167 0.135647 0.134151 0.13199 0.129255 0.13484 0.113798 0.13484 0.113798 0.131953 0.112369 0.131953 0.112369 0.116935 0.0995802 0.116935 0.0995802 
1.66621 1.60153 1.39649 1.16433 1.01695 2.50283 2.45671 2.01557 1.54702 1.2737 4.62469 4.89685 3.58669 2.39613 1.78601 8.97165 11.5623 6.88287 3.8104 2.50283 15.8786 32.2429 12.4231 5.45401 3.15219 1.50379 1.45114 1.27195 1.06598 0.931913 2.24211 2.20635 1.82103 1.4078 1.16243 4.09927 4.34076 3.19858 2.15509 1.6146 7.88795 10.1431 6.0726 3.3908 2.24191 13.8888 28.0226 10.885 4.81782 2.80451 0.442313 0.46826 0.457987 0.423208 0.376132 0.538354 0.57033 0.549771 0.498074 0.435233 0.66572 0.706939 0.662418 0.580003 0.494478 0.806308 0.870203 0.777871 0.648949 0.536805 0.886378 1.00428 0.834683 0.660505 0.532382 0.128224 0.128213 0.127673 0.126577 0.125002 0.130789 0.130946 0.130349 0.129043 0.127143 0.13286 0.133197 0.132559 0.131066 0.128889 0.134329 0.134812 0.134134 0.132515 0.13016 0.134963 0.135524 0.134842 0.133248 0.130925 0.129361 0.117315 0.136141 0.114382 0.126888 0.115672 0.133167 0.112916 0.112447 0.102507 0.118011 0.100065 
1.30833 1.39649 1.46231 1.39649 1.30833 1.78601 2.01538 2.22275 2.01538 1.78601 2.85343 3.58641 4.44518 3.58641 2.85343 4.62469 6.88265 10.7544 6.88265 4.62469 6.64208 12.4231 31.0619 12.4231 6.64208 1.18928 1.27098 1.33 1.27098 1.18928 1.61366 1.81969 2.0024 1.81969 1.61366 2.55112 3.19695 3.9467 3.19695 2.55112 4.09783 6.07092 9.43842 6.07092 4.09783 5.8502 10.8836 26.9931 10.8836 5.8502 0.411178 0.450728 0.465364 0.450728 0.411178 0.487369 0.540875 0.56252 0.540875 0.487369 0.575553 0.652018 0.68928 0.652018 0.575553 0.654891 0.766587 0.839605 0.766587 0.654891 0.675365 0.823855 0.965138 0.823855 0.675365 0.126678 0.127526 0.12783 0.127526 0.126678 0.129018 0.130123 0.130513 0.130123 0.129018 0.130928 0.132282 0.132766 0.132282 0.130928 0.13231 0.133854 0.134421 0.133854 0.13231 0.133043 0.134626 0.135231 0.134626 0.133043 0.122882 0.122882 0.136733 0.114667 0.12087 0.12087 0.13372 0.113183 0.107114 0.107114 0.118501 0.100301 
1.01695 1.16433 1.39649 1.60153 1.66621 1.2737 1.54702 2.01557 2.45671 2.50283 1.78601 2.39613 3.58669 4.89685 4.62469 2.50283 3.8104 6.88287 11.5623 8.97165 3.15219 5.45401 12.4231 32.2429 15.8786 0.931913 1.06598 1.27195 1.45114 1.50379 1.16243 1.4078 1.82103 2.20635 2.24211 1.6146 2.15509 3.19858 4.34076 4.09927 2.24191 3.3908 6.0726 10.1431 7.88795 2.80451 4.81782 10.885 28.0226 13.8888 0.376132 0.423208 0.457987 0.46826 0.442313 0.435233 0.498074 0.549771 0.57033 0.538354 0.494478 0.580003 0.662418 0.706939 0.66572 0.536805 0.648949 0.777871 0.870203 0.806308 0.532382 0.660505 0.834683 1.00428 0.886378 0.125002 0.126577 0.127673 0.128213 0.128224 0.127143 0.129043 0.130349 0.130946 0.130789 0.128889 0.131066 0.132559 0.133197 0.13286 0.13016 0.132515 0.134134 0.134812 0.134329 0.130925 0.133248 0.134842 0.135524 0.134963 0.117315 0.129361 0.136141 0.114382 0.115672 0.126888 0.133167 0.112916 0.102507 0.112447 0.118011 0.100065 
0.857319 1.01695 1.30833 1.66621 1.94132 1.01695 1.27415 1.78667 2.50333 3.15219 1.30833 1.78667 2.85443 4.62546 6.64208 1.66621 2.50333 4.62546 8.97226 15.8786 1.94132 3.15219 6.64208 15.8786 41.4462 0.790147 0.935108 1.1937 1.50749 1.74443 0.935108 1.16671 1.6197 2.24723 2.8092 1.1937 1.6197 2.55849 4.10572 5.85728 1.50749 2.24723 4.10572 7.8952 13.8956 1.74443 2.8092 5.85728 13.8956 36.0204 0.351095 0.400262 0.444539 0.470265 0.45771 0.400262 0.464618 0.52863 0.573718 0.567818 0.444539 0.52863 0.62466 0.709416 0.728846 0.470265 0.573718 0.709416 0.857096 0.938306 0.45771 0.567818 0.728846 0.938306 1.12505 0.12371 0.125732 0.12736 0.128529 0.129255 0.125732 0.128114 0.130025 0.131346 0.13199 0.12736 0.130025 0.132159 0.133601 0.134151 0.128529 0.131346 0.133601 0.135131 0.135647 0.129255 0.13199 0.134151 0.135647 0.136167 0.113798 0.13484 0.13484 0.113798 0.112369 0.131953 0.131953 0.112369 0.0995802 0.116935 0.116935 0.0995802 
36.0204 13.8888 5.8502 2.80451 1.74443 13.8888 7.88236 4.0934 2.23813 1.50379 5.8502 4.0934 2.54629 1.61027 1.18928 2.80451 2.23813 1.61027 1.15932 0.931913 1.74443 1.50379 1.18928 0.931913 0.790147 45.3334 12.1873 5.16933 2.5059 1.57202 12.1873 6.94926 3.64243 2.01522 1.36483 5.16933 3.64243 2.28914 1.46469 1.08868 2.5059 2.01522 1.46469 1.06525 0.859744 1.57202 1.36483 1.08868 0.859744 0.730492 1.22548 0.952196 0.71986 0.554516 0.445238 0.952196 0.85158 0.695534 0.558603 0.456687 0.71986 0.695534 0.608771 0.513373 0.431202 0.554516 0.558603 0.513373 0.45054 0.388076 0.445238 0.456687 0.431202 0.388076 0.340559 0.136673 0.135951 0.134278 0.131977 0.129121 0.135951 0.135265 0.133574 0.131185 0.128252 0.134278 0.133574 0.13199 0.129737 0.126973 0.131977 0.131185 0.129737 0.127724 0.125257 0.129121 0.128252 0.126973 0.125257 0.123166 0.135719 0.112935 0.112935 0.135719 0.132763 0.111559 0.111559 0.132763 0.117652 0.0988624 0.0988624 0.117652 
13.8956 28.0226 10.8836 4.81782 2.8092 7.88795 10.1365 6.06513 3.38561 2.24211 4.09783 4.33369 3.19064 2.14917 1.61366 2.24191 2.20155 1.81533 1.40364 1.16243 1.50749 1.45114 1.27098 1.06598 0.935108 12.1873 38.3642 9.56759 4.26554 2.5059 6.94827 8.92396 5.36327 3.02123 2.01443 3.64125 3.85149 2.85383 1.93943 1.4637 2.01443 1.98361 1.64585 1.28196 1.06457 1.36483 1.31929 1.16168 0.979341 0.859744 0.907133 1.09484 0.851196 0.65633 0.523772 0.807454 0.883701 0.776628 0.640198 0.526529 0.657552 0.700393 0.65295 0.568848 0.483687 0.527873 0.559444 0.538364 0.486801 0.425009 0.432438 0.457675 0.447345 0.413102 0.367142 0.135355 0.135977 0.135194 0.133487 0.131052 0.134515 0.135013 0.134269 0.13256 0.130111 0.132865 0.13319 0.132504 0.130947 0.128699 0.130656 0.130785 0.13015 0.128796 0.126846 0.127986 0.127942 0.127368 0.126235 0.124624 0.129329 0.11673 0.113675 0.137474 0.126862 0.115129 0.112252 0.134401 0.112423 0.102026 0.099476 0.119104 
5.85728 10.885 26.9931 10.885 5.85728 4.09927 6.06629 9.43204 6.06629 4.09927 2.55112 3.19158 3.93978 3.19158 2.55112 1.6146 1.81622 1.99767 1.81622 1.6146 1.1937 1.27195 1.33 1.27195 1.1937 5.16933 9.56759 37.4663 9.56759 5.16933 3.64125 5.36297 8.30905 5.36297 3.64125 2.28768 2.85345 3.50768 2.85345 2.28768 1.4637 1.64559 1.80588 1.64559 1.4637 1.08868 1.16168 1.21396 1.16168 1.08868 0.67346 0.841805 1.0566 0.841805 0.67346 0.64816 0.766824 0.854275 0.766824 0.64816 0.566085 0.643909 0.683903 0.643909 0.566085 0.477521 0.530635 0.552609 0.530635 0.477521 0.402262 0.44105 0.455548 0.44105 0.402262 0.133314 0.135005 0.135696 0.135005 0.133314 0.132388 0.134009 0.134622 0.134009 0.132388 0.130844 0.132245 0.13275 0.132245 0.130844 0.12881 0.12994 0.130341 0.12994 0.12881 0.12638 0.12724 0.127549 0.12724 0.12638 0.122493 0.122493 0.114003 0.138177 0.120514 0.120514 0.112559 0.135057 0.106797 0.106797 0.0997479 0.119686 
2.8092 4.81782 10.8836 28.0226 13.8956 2.24211 3.38561 6.06513 10.1365 7.88795 1.61366 2.14917 3.19064 4.33369 4.09783 1.16243 1.40364 1.81533 2.20155 2.24191 0.935108 1.06598 1.27098 1.45114 1.50749 2.5059 4.26554 9.56759 38.3642 12.1873 2.01443 3.02123 5.36327 8.92396 6.94827 1.4637 1.93943 2.85383 3.85149 3.64125 1.06457 1.28196 1.64585 1.98361 2.01443 0.859744 0.979341 1.16168 1.31929 1.36483 0.523772 0.65633 0.851196 1.09484 0.907133 0.526529 0.640198 0.776628 0.883701 0.807454 0.483687 0.568848 0.65295 0.700393 0.657552 0.425009 0.486801 0.538364 0.559444 0.527873 0.367142 0.413102 0.447345 0.457675 0.432438 0.131052 0.133487 0.135194 0.135977 0.135355 0.130111 0.13256 0.134269 0.135013 0.134515 0.128699 0.130947 0.132504 0.13319 0.132865 0.126846 0.128796 0.13015 0.130785 0.130656 0.124624 0.126235 0.127368 0.127942 0.127986 0.11673 0.129329 0.113675 0.137474 0.115129 0.126862 0.112252 0.134401 0.102026 0.112423 0.099476 0.119104 
1.74443 2.80451 5.8502 13.8888 36.0204 1.50379 2.23813 4.0934 7.88236 13.8888 1.18928 1.61027 2.54629 4.0934 5.8502 0.931913 1.15932 1.61027 2.23813 2.80451 0.790147 0.931913 1.18928 1.50379 1.74443 1.57202 2.5059 5.16933 12.1873 45.3334 1.36483 2.01522 3.64243 6.94926 12.1873 1.08868 1.46469 2.28914 3.64243 5.16933 0.859744 1.06525 1.46469 2.01522 2.5059 0.730492 0.859744 1.08868 1.36483 1.57202 0.445238 0.554516 0.71986 0.952196 1.22548 0.456687 0.558603 0.695534 0.85158 0.952196 0.431202 0.513373 0.608771 0.695534 0.71986 0.388076 0.45054 0.513373 0.558603 0.554516 0.340559 0.388076 0.431202 0.456687 0.445238 0.129121 0.131977 0.134278 0.135951 0.136673 0.128252 0.131185 0.133574 0.135265 0.135951 0.126973 0.129737 0.13199 0.133574 0.134278 0.125257 0.127724 0.129737 0.131185 0.131977 0.123166 0.125257 0.126973 0.128252 0.129121 0.112935 0.135719 0.112935 0.135719 0.111559 0.132763 0.111559 0.132763 0.0988624 0.117652 0.0988624 0.117652 
13.8956 7.88795 4.09783 2.24191 1.50749 28.0226 10.1365 4.33369 2.20155 1.45114 10.8836 6.06513 3.19064 1.81533 1.27098 4.81782 3.38561 2.14917 1.40364 1.06598 2.8092 2.24211 1.61366 1.16243 0.935108 12.1873 6.94827 3.64125 2.01443 1.36483 38.3642 8.92396 3.85149 1.98361 1.31929 9.56759 5.36327 2.85383 1.64585 1.16168 4.26554 3.02123 1.93943 1.28196 0.979341 2.5059 2.01443 1.4637 1.06457 0.859744 0.907133 0.807454 0.657552 0.527873 0.432438 1.09484 0.883701 0.700393 0.559444 0.457675 0.851196 0.776628 0.65295 0.538364 0.447345 0.65633 0.640198 0.568848 0.486801 0.413102 0.523772 0.526529 0.483687 0.425009 0.367142 0.135355 0.134515 0.132865 0.130656 0.127986 0.135977 0.135013 0.13319 0.130785 0.127942 0.135194 0.134269 0.132504 0.13015 0.127368 0.133487 0.13256 0.130947 0.128796 0.126235 0.131052 0.130111 0.128699 0.126846 0.124624 0.137474 0.113675 0.11673 0.129329 0.134401 0.112252 0.115129 0.126862 0.119104 0.099476 0.102026 0.112423 
7.8952 10.1431 6.07092 3.3908 2.24723 10.1431 22.2579 8.04356 3.61077 2.20635 6.07092 8.04356 4.7263 2.67235 1.81969 3.3908 3.61077 2.67235 1.83511 1.4078 2.24723 2.20635 1.81969 1.4078 1.16671 6.94926 8.92396 5.36297 3.02123 2.01522 8.92396 33.3373 7.0985 3.21733 1.98361 5.36297 7.0985 4.19471 2.3983 1.64559 3.02123 3.21733 2.3983 1.66262 1.28196 2.01522 1.98361 1.64559 1.28196 1.06525 0.767398 0.840379 0.736446 0.606134 0.498975 0.840379 1.0052 0.806525 0.646217 0.528009 0.736446 0.806525 0.720684 0.607529 0.507865 0.606134 0.646217 0.607529 0.535421 0.459553 0.498975 0.528009 0.507865 0.459553 0.402157 0.134122 0.134434 0.133678 0.132106 0.129901 0.134434 0.134784 0.133911 0.132194 0.129855 0.133678 0.133911 0.133098 0.13146 0.12921 0.132106 0.132194 0.13146 0.130001 0.127974 0.129901 0.129855 0.12921 0.127974 0.126249 0.130871 0.117679 0.117679 0.130871 0.128304 0.116018 0.116018 0.128304 0.113701 0.102813 0.102813 0.113701 
4.10572 6.0726 9.43842 6.0726 4.10572 4.34076 8.04502 21.5377 8.04502 4.34076 3.19695 4.7276 7.52808 4.7276 3.19695 2.15509 2.67361 3.29917 2.67361 2.15509 1.6197 1.82103 2.0024 1.82103 1.6197 3.64243 5.36327 8.30905 5.36327 3.64243 3.85149 7.0985 32.7089 7.0985 3.85149 2.85345 4.1946 6.64864 4.1946 2.85345 1.93943 2.3983 2.94549 2.3983 1.93943 1.46469 1.64585 1.80588 1.64585 1.46469 0.614823 0.727689 0.812406 0.727689 0.614823 0.654076 0.796975 0.976472 0.796975 0.654076 0.608718 0.711435 0.785465 0.711435 0.608718 0.530087 0.599304 0.634179 0.599304 0.530087 0.451633 0.501009 0.521596 0.501009 0.451633 0.13214 0.133544 0.134079 0.133544 0.13214 0.132212 0.133702 0.134312 0.133702 0.132212 0.131503 0.132877 0.133399 0.132877 0.131503 0.130112 0.131277 0.131701 0.131277 0.130112 0.128176 0.129105 0.12944 0.129105 0.128176 0.123728 0.123728 0.118089 0.13151 0.12167 0.12167 0.116402 0.128901 0.107822 0.107822 0.103154 0.11423 
2.24723 3.3908 6.07092 10.1431 7.8952 2.20635 3.61077 8.04356 22.2579 10.1431 1.81969 2.67235 4.7263 8.04356 6.07092 1.4078 1.83511 2.67235 3.61077 3.3908 1.16671 1.4078 1.81969 2.20635 2.24723 2.01522 3.02123 5.36297 8.92396 6.94926 1.98361 3.21733 7.0985 33.3373 8.92396 1.64559 2.3983 4.19471 7.0985 5.36297 1.28196 1.66262 2.3983 3.21733 3.02123 1.06525 1.28196 1.64559 1.98361 2.01522 0.498975 0.606134 0.736446 0.840379 0.767398 0.528009 0.646217 0.806525 1.0052 0.840379 0.507865 0.607529 0.720684 0.806525 0.736446 0.459553 0.535421 0.607529 0.646217 0.606134 0.402157 0.459553 0.507865 0.528009 0.498975 0.129901 0.132106 0.133678 0.134434 0.134122 0.129855 0.132194 0.133911 0.134784 0.134434 0.12921 0.13146 0.133098 0.133911 0.133678 0.127974 0.130001 0.13146 0.132194 0.132106 0.126249 0.127974 0.12921 0.129855 0.129901 0.117679 0.130871 0.117679 0.130871 0.116018 0.128304 0.116018 0.128304 0.102813 0.113701 0.102813 0.113701 
1.50749 2.24191 4.09783 7.88795 13.8956 1.45114 2.20155 4.33369 10.1365 28.0226 1.27098 1.81533 3.19064 6.06513 10.8836 1.06598 1.40364 2.14917 3.38561 4.81782 0.935108 1.16243 1.61366 2.24211 2.8092 1.36483 2.01443 3.64125 6.94827 12.1873 1.31929 1.98361 3.85149 8.92396 38.3642 1.16168 1.64585 2.85383 5.36327 9.56759 0.979341 1.28196 1.93943 3.02123 4.26554 0.859744 1.06457 1.4637 2.01443 2.5059 0.432438 0.527873 0.657552 0.807454 0.907133 0.457675 0.559444 0.700393 0.883701 1.09484 0.447345 0.538364 0.65295 0.776628 0.851196 0.413102 0.486801 0.568848 0.640198 0.65633 0.367142 0.425009 0.483687 0.526529 0.523772 0.127986 0.130656 0.132865 0.134515 0.135355 0.127942 0.130785 0.13319 0.135013 0.135977 0.127368 0.13015 0.132504 0.134269 0.135194 0.126235 0.128796 0.130947 0.13256 0.133487 0.124624 0.126846 0.128699 0.130111 0.131052 0.113675 0.137474 0.11673 0.129329 0.112252 0.134401 0.115129 0.126862 0.099476 0.119104 0.102026 0.112423 
5.85728 4.09927 2.55112 1.6146 1.1937 10.885 6.06629 3.19158 1.81622 1.27195 26.9931 9.43204 3.93978 1.99767 1.33 10.885 6.06629 3.19158 1.81622 1.27195 5.85728 4.09927 2.55112 1.6146 1.1937 5.16933 3.64125 2.28768 1.4637 1.08868 9.56759 5.36297 2.85345 1.64559 1.16168 37.4663 8.30905 3.50768 1.80588 1.21396 9.56759 5.36297 2.85345 1.64559 1.16168 5.16933 3.64125 2.28768 1.4637 1.08868 0.67346 0.64816 0.566085 0.477521 0.402262 0.841805 0.766824 0.643909 0.530635 0.44105 1.0566 0.854275 0.683903 0.552609 0.455548 0.841805 0.766824 0.643909 0.530635 0.44105 0.67346 0.64816 0.566085 0.477521 0.402262 0.133314 0.132388 0.130844 0.12881 0.12638 0.135005 0.134009 0.132245 0.12994 0.12724 0.135696 0.134622 0.13275 0.130341 0.127549 0.135005 0.134009 0.132245 0.12994 0.12724 0.133314 0.132388 0.130844 0.12881 0.12638 0.138177 0.114003 0.122493 0.122493 0.135057 0.112559 0.120514 0.120514 0.119686 0.0997479 0.106797 0.106797 
4.10572 4.34076 3.19695 2.15509 1.6197 6.0726 8.04502 4.7276 2.67361 1.82103 9.43842 21.5377 7.52808 3.29917 2.0024 6.0726 8.04502 4.7276 2.67361 1.82103 4.10572 4.34076 3.19695 2.15509 1.6197 3.64243 3.85149 2.85345 1.93943 1.46469 5.36327 7.0985 4.1946 2.3983 1.64585 8.30905 32.7089 6.64864 2.94549 1.80588 5.36327 7.0985 4.1946 2.3983 1.64585 3.64243 3.85149 2.85345 1.93943 1.46469 0.614823 0.654076 0.608718 0.530087 0.451633 0.727689 0.796975 0.711435 0.599304 0.501009 0.812406 0.976472 0.785465 0.634179 0.521596 0.727689 0.796975 0.711435 0.599304 0.501009 0.614823 0.654076 0.608718 0.530087 0.451633 0.13214 0.132212 0.131503 0.130112 0.128176 0.133544 0.133702 0.132877 0.131277 0.129105 0.134079 0.134312 0.133399 0.131701 0.12944 0.133544 0.133702 0.132877 0.131277 0.129105 0.13214 0.132212 0.131503 0.130112 0.128176 0.13151 0.118089 0.123728 0.123728 0.128901 0.116402 0.12167 0.12167 0.11423 0.103154 0.107822 0.107822 
2.55849 3.19858 3.9467 3.19858 2.55849 3.19858 4.72909 7.52951 4.72909 3.19858 3.9467 7.52951 20.8998 7.52951 3.9467 3.19858 4.72909 7.52951 4.72909 3.19858 2.55849 3.19858 3.9467 3.19858 2.55849 2.28914 2.85383 3.50768 2.85383 2.28914 2.85383 4.19471 6.64864 4.19471 2.85383 3.50768 6.64864 32.1523 6.64864 3.50768 2.85383 4.19471 6.64864 4.19471 2.85383 2.28914 2.85383 3.50768 2.85383 2.28914 0.528859 0.60093 0.638619 0.60093 0.528859 0.60093 0.70248 0.776075 0.70248 0.60093 0.638619 0.776075 0.95172 0.776075 0.638619 0.60093 0.70248 0.776075 0.70248 0.60093 0.528859 0.60093 0.638619 0.60093 0.528859 0.130282 0.1314 0.131808 0.1314 0.130282 0.1314 0.132697 0.133194 0.132697 0.1314 0.131808 0.133194 0.133768 0.133194 0.131808 0.1314 0.132697 0.133194 0.132697 0.1314 0.130282 0.1314 0.131808 0.1314 0.130282 0.124252 0.124252 0.124252 0.124252 0.122161 0.122161 0.122161 0.122161 0.108257 0.108257 0.108257 0.108257 
1.6197 2.15509 3.19695 4.34076 4.10572 1.82103 2.67361 4.7276 8.04502 6.0726 2.0024 3.29917 7.52808 21.5377 9.43842 1.82103 2.67361 4.7276 8.04502 6.0726 1.6197 2.15509 3.19695 4.34076 4.10572 1.46469 1.93943 2.85345 3.85149 3.64243 1.64585 2.3983 4.1946 7.0985 5.36327 1.80588 2.94549 6.64864 32.7089 8.30905 1.64585 2.3983 4.1946 7.0985 5.36327 1.46469 1.93943 2.85345 3.85149 3.64243 0.451633 0.530087 0.608718 0.654076 0.614823 0.501009 0.599304 0.711435 0.796975 0.727689 0.521596 0.634179 0.785465 0.976472 0.812406 0.501009 0.599304 0.711435 0.796975 0.727689 0.451633 0.530087 0.608718 0.654076 0.614823 0.128176 0.130112 0.131503 0.132212 0.13214 0.129105 0.131277 0.132877 0.133702 0.133544 0.12944 0.131701 0.133399 0.134312 0.134079 0.129105 0.131277 0.132877 0.133702 0.133544 0.128176 0.130112 0.131503 0.132212 0.13214 0.118089 0.13151 0.123728 0.123728 0.116402 0.128901 0.12167 0.12167 0.103154 0.11423 0.107822 0.107822 
1.1937 1.6146 2.55112 4.09927 5.85728 1.27195 1.81622 3.19158 6.06629 10.885 1.33 1.99767 3.93978 9.43204 26.9931 1.27195 1.81622 3.19158 6.06629 10.885 1.1937 1.6146 2.55112 4.09927 5.85728 1.08868 1.4637 2.28768 3.64125 5.16933 1.16168 1.64559 2.85345 5.36297 9.56759 1.21396 1.80588 3.50768 8.30905 37.4663 1.16168 1.64559 2.85345 5.36297 9.56759 1.08868 1.4637 2.28768 3.64125 5.16933 0.402262 0.477521 0.566085 0.64816 0.67346 0.44105 0.530635 0.643909 0.766824 0.841805 0.455548 0.552609 0.683903 0.854275 1.0566 0.44105 0.530635 0.643909 0.766824 0.841805 0.402262 0.477521 0.566085 0.64816 0.67346 0.12638 0.12881 0.130844 0.132388 0.133314 0.12724 0.12994 0.132245 0.134009 0.135005 0.127549 0.130341 0.13275 0.134622 0.135696 0.12724 0.12994 0.132245 0.134009 0.135005 0.12638 0.12881 0.130844 0.132388 0.133314 0.114003 0.138177 0.122493 0.122493 0.112559 0.135057 0.120514 0.120514 0.0997479 0.119686 0.106797 0.106797 
2.8092 2.24211 1.61366 1.16243 0.935108 4.81782 3.38561 2.14917 1.40364 1.06598 10.8836 6.06513 3.19064 1.81533 1.27098 28.0226 10.1365 4.33369 2.20155 1.45114 13.8956 7.88795 4.09783 2.24191 1.50749 2.5059 2.01443 1.4637 1.06457 0.859744 4.26554 3.02123 1.93943 1.28196 0.979341 9.56759 5.36327 2.85383 1.64585 1.16168 38.3642 8.92396 3.85149 1.98361 1.31929 12.1873 6.94827 3.64125 2.01443 1.36483 0.523772 0.526529 0.483687 0.425009 0.367142 0.65633 0.640198 0.568848 0.486801 0.413102 0.851196 0.776628 0.65295 0.538364 0.447345 1.09484 0.883701 0.700393 0.559444 0.457675 0.907133 0.807454 0.657552 0.527873 0.432438 0.131052 0.130111 0.128699 0.126846 0.124624 0.133487 0.13256 0.130947 0.128796 0.126235 0.135194 0.134269 0.132504 0.13015 0.127368 0.135977 0.135013 0.13319 0.130785 0.127942 0.135355 0.134515 0.132865 0.130656 0.127986 0.137474 0.113675 0.129329 0.11673 0.134401 0.112252 0.126862 0.115129 0.119104 0.099476 0.112423 0.102026 
2.24723 2.20635 1.81969 1.4078 1.16671 3.3908 3.61077 2.67235 1.83511 1.4078 6.07092 8.04356 4.7263 2.67235 1.81969 10.1431 22.2579 8.04356 3.61077 2.20635 7.8952 10.1431 6.07092 3.3908 2.24723 2.01522 1.98361 1.64559 1.28196 1.06525 3.02123 3.21733 2.3983 1.66262 1.28196 5.36297 7.0985 4.19471 2.3983 1.64559 8.92396 33.3373 7.0985 3.21733 1.98361 6.94926 8.92396 5.36297 3.02123 2.01522 0.498975 0.528009 0.507865 0.459553 0.402157 0.606134 0.646217 0.607529 0.535421 0.459553 0.736446 0.806525 0.720684 0.607529 0.507865 0.840379 1.0052 0.806525 0.646217 0.528009 0.767398 0.840379 0.736446 0.606134 0.498975 0.129901 0.129855 0.12921 0.127974 0.126249 0.132106 0.132194 0.13146 0.130001 0.127974 0.133678 0.133911 0.133098 0.13146 0.12921 0.134434 0.134784 0.133911 0.132194 0.129855 0.134122 0.134434 0.133678 0.132106 0.129901 0.130871 0.117679 0.130871 0.117679 0.128304 0.116018 0.128304 0.116018 0.113701 0.102813 0.113701 0.102813 
