0.13009 0.0704539 0.0256124 0.0082899 0.0704539 0.0386695 0.0142725 0.00469165 0.0256124 0.0142725 0.00536378 0.00179712 0.0082899 0.00469165 0.00179712 0.00061466 0.0570909 0.0295238 0.0101438 0.00308208 0.0295238 0.0155525 0.00545115 0.00168958 0.0101438 0.00545115 0.0019549 0.000620557 0.00308208 0.00168958 0.000620557 0.000202094 0.0632708 0.0431664 0.0205024 0.00864827 0.0431664 0.0300902 0.0146421 0.00631659 0.0205024 0.0146421 0.00732797 0.00324627 0.00864827 0.00631659 0.00324627 0.00147478 0.00280603 0.0019181 0.000887511 0.000354658 0.0019181 0.00132528 0.000621437 0.000251809 0.000887511 0.000621437 0.000296448 0.000122351 0.000354658 0.000251809 0.000122351 5.15111e-05 0.0410769 0.00242141 0.00242141 0.0410769 0.0020165 8.80465e-05 8.80465e-05 0.0020165 2.42752e-07 6.56551e-09 6.56551e-09 2.42752e-07 
0.0704539 0.0853001 0.0531562 0.0256124 0.0386694 0.0460913 0.0291053 0.0142725 0.0142725 0.0167196 0.0107138 0.00536375 0.00469165 0.00540202 0.00351257 0.00179712 0.0295188 0.0377487 0.0224777 0.0101414 0.0155491 0.0194478 0.0118017 0.00544949 0.00544957 0.00665934 0.004122 0.00195411 0.00168894 0.00201793 0.00127333 0.000620235 0.0413614 0.0469418 0.0338516 0.019599 0.028823 0.0323415 0.0236857 0.0139974 0.0140276 0.0155561 0.0115872 0.00700924 0.00605545 0.006648 0.00502839 0.0031082 0.0018463 0.00212075 0.00152249 0.000853183 0.00127608 0.0014563 0.00105383 0.000597646 0.000598677 0.00067796 0.000495419 0.000285283 0.000242752 0.000272761 0.000201346 0.000117838 0.019849 0.00708839 0.00256594 0.0428273 0.000885927 0.000286834 9.36744e-05 0.00210799 9.1154e-08 2.5145e-08 6.97477e-09 2.52904e-07 
0.0256124 0.0531562 0.0853001 0.0704539 0.0142725 0.0291053 0.0460913 0.0386694 0.00536375 0.0107138 0.0167196 0.0142725 0.00179712 0.00351257 0.00540202 0.00469165 0.0101414 0.0224777 0.0377487 0.0295188 0.00544949 0.0118017 0.0194478 0.0155491 0.00195411 0.004122 0.00665934 0.00544957 0.000620235 0.00127333 0.00201793 0.00168894 0.019599 0.0338516 0.0469418 0.0413614 0.0139974 0.0236857 0.0323415 0.028823 0.00700924 0.0115872 0.0155561 0.0140276 0.0031082 0.00502839 0.006648 0.00605545 0.000853183 0.00152249 0.00212075 0.0018463 0.000597646 0.00105383 0.0014563 0.00127608 0.000285283 0.000495419 0.00067796 0.000598677 0.000117838 0.000201346 0.000272761 0.000242752 0.00708839 0.019849 0.00256594 0.0428273 0.000286834 0.000885927 9.36744e-05 0.00210799 2.5145e-08 9.1154e-08 6.97477e-09 2.52904e-07 
0.0082899 0.0256124 0.0704539 0.13009 0.00469165 0.0142725 0.0386695 0.0704539 0.00179712 0.00536378 0.0142725 0.0256124 0.00061466 0.00179712 0.00469165 0.0082899 0.00308208 0.0101438 0.0295238 0.0570909 0.00168958 0.00545115 0.0155525 0.0295238 0.000620557 0.0019549 0.00545115 0.0101438 0.000202094 0.000620557 0.00168958 0.00308208 0.00864827 0.0205024 0.0431664 0.0632708 0.00631659 0.0146421 0.0300902 0.0431664 0.00324627 0.00732797 0.0146421 0.0205024 0.00147478 0.00324627 0.00631659 0.00864827 0.000354658 0.000887511 0.0019181 0.00280603 0.000251809 0.000621437 0.00132528 0.0019181 0.000122351 0.000296448 0.000621437 0.000887511 5.15111e-05 0.000122351 0.000251809 0.000354658 0.00242141 0.0410769 0.00242141 0.0410769 8.80465e-05 0.0020165 8.80465e-05 0.0020165 6.56551e-09 2.42752e-07 6.56551e-09 2.42752e-07 
0.0704539 0.0386694 0.0142725 0.00469165 0.0853001 0.0460913 0.0167196 0.00540202 0.0531562 0.0291053 0.0107138 0.00351257 0.0256124 0.0142725 0.00536375 0.00179712 0.0295188 0.0155491 0.00544957 0.00168894 0.0377487 0.0194478 0.00665934 0.00201793 0.0224777 0.0118017 0.004122 0.00127333 0.0101414 0.00544949 0.00195411 0.000620235 0.0413614 0.028823 0.0140276 0.00605545 0.0469418 0.0323415 0.0155561 0.006648 0.0338516 0.0236857 0.0115872 0.00502839 0.019599 0.0139974 0.00700924 0.0031082 0.0018463 0.00127608 0.000598677 0.000242752 0.00212075 0.0014563 0.00067796 0.000272761 0.00152249 0.00105383 0.000495419 0.000201346 0.000853183 0.000597646 0.000285283 0.000117838 0.0428273 0.00256594 0.00708839 0.019849 0.00210799 9.36744e-05 0.000286834 0.000885927 2.52904e-07 6.97477e-09 2.5145e-08 9.1154e-08 
0.0386695 0.0460913 0.0291053 0.0142725 0.0460913 0.0559667 0.034792 0.0167196 0.0291053 0.034792 0.0219175 0.0107138 0.0142725 0.0167196 0.0107138 0.00536378 0.0155459 0.0194441 0.0117991 0.00544802 0.0194441 0.0249885 0.0148182 0.00665757 0.0117991 0.0148182 0.0089617 0.00412072 0.00544802 0.00665757 0.00412072 0.00195338 0.0276192 0.0309977 0.0226983 0.0134155 0.0309977 0.0350507 0.0254445 0.0148783 0.0226983 0.0254445 0.0186803 0.0110835 0.0134155 0.0148783 0.0110835 0.00670742 0.00122911 0.00140268 0.00101525 0.000575975 0.00140268 0.00160793 0.00115801 0.000652212 0.00101525 0.00115801 0.000838984 0.000476737 0.000575975 0.000652212 0.000476737 0.000274653 0.0208189 0.00747587 0.00747587 0.0208189 0.0009328 0.00030378 0.00030378 0.0009328 9.57221e-08 2.65757e-08 2.65757e-08 9.57221e-08 
0.0142725 0.0291053 0.0460913 0.0386695 0.0167196 0.034792 0.0559667 0.0460913 0.0107138 0.0219175 0.034792 0.0291053 0.00536378 0.0107138 0.0167196 0.0142725 0.00544802 0.0117991 0.0194441 0.0155459 0.00665757 0.0148182 0.0249885 0.0194441 0.00412072 0.0089617 0.0148182 0.0117991 0.00195338 0.00412072 0.00665757 0.00544802 0.0134155 0.0226983 0.0309977 0.0276192 0.0148783 0.0254445 0.0350507 0.0309977 0.0110835 0.0186803 0.0254445 0.0226983 0.00670742 0.0110835 0.0148783 0.0134155 0.000575975 0.00101525 0.00140268 0.00122911 0.000652212 0.00115801 0.00160793 0.00140268 0.000476737 0.000838984 0.00115801 0.00101525 0.000274653 0.000476737 0.000652212 0.000575975 0.00747587 0.0208189 0.00747587 0.0208189 0.00030378 0.0009328 0.00030378 0.0009328 2.65757e-08 9.57221e-08 2.65757e-08 9.57221e-08 
0.00469165 0.0142725 0.0386694 0.0704539 0.00540202 0.0167196 0.0460913 0.0853001 0.00351257 0.0107138 0.0291053 0.0531562 0.00179712 0.00536375 0.0142725 0.0256124 0.00168894 0.00544957 0.0155491 0.0295188 0.00201793 0.00665934 0.0194478 0.0377487 0.00127333 0.004122 0.0118017 0.0224777 0.000620235 0.00195411 0.00544949 0.0101414 0.00605545 0.0140276 0.028823 0.0413614 0.006648 0.0155561 0.0323415 0.0469418 0.00502839 0.0115872 0.0236857 0.0338516 0.0031082 0.00700924 0.0139974 0.019599 0.000242752 0.000598677 0.00127608 0.0018463 0.000272761 0.00067796 0.0014563 0.00212075 0.000201346 0.000495419 0.00105383 0.00152249 0.000117838 0.000285283 0.000597646 0.000853183 0.00256594 0.0428273 0.00708839 0.019849 9.36744e-05 0.00210799 0.000286834 0.000885927 6.97477e-09 2.52904e-07 2.5145e-08 9.1154e-08 
0.0256124 0.0142725 0.00536375 0.00179712 0.0531562 0.0291053 0.0107138 0.00351257 0.0853001 0.0460913 0.0167196 0.00540202 0.0704539 0.0386694 0.0142725 0.00469165 0.0101414 0.00544949 0.00195411 0.000620235 0.0224777 0.0118017 0.004122 0.00127333 0.0377487 0.0194478 0.00665934 0.00201793 0.0295188 0.0155491 0.00544957 0.00168894 0.019599 0.0139974 0.00700924 0.0031082 0.0338516 0.0236857 0.0115872 0.00502839 0.0469418 0.0323415 0.0155561 0.006648 0.0413614 0.028823 0.0140276 0.00605545 0.000853183 0.000597646 0.000285283 0.000117838 0.00152249 0.00105383 0.000495419 0.000201346 0.00212075 0.0014563 0.00067796 0.000272761 0.0018463 0.00127608 0.000598677 0.000242752 0.0428273 0.00256594 0.019849 0.00708839 0.00210799 9.36744e-05 0.000885927 0.000286834 2.52904e-07 6.97477e-09 9.1154e-08 2.5145e-08 
0.0142725 0.0167196 0.0107138 0.00536378 0.0291053 0.034792 0.0219175 0.0107138 0.0460913 0.0559667 0.034792 0.0167196 0.0386695 0.0460913 0.0291053 0.0142725 0.00544802 0.00665757 0.00412072 0.00195338 0.0117991 0.0148182 0.0089617 0.00412072 0.0194441 0.0249885 0.0148182 0.00665757 0.0155459 0.0194441 0.0117991 0.00544802 0.0134155 0.0148783 0.0110835 0.00670742 0.0226983 0.0254445 0.0186803 0.0110835 0.0309977 0.0350507 0.0254445 0.0148783 0.0276192 0.0309977 0.0226983 0.0134155 0.000575975 0.000652212 0.000476737 0.000274653 0.00101525 0.00115801 0.000838984 0.000476737 0.00140268 0.00160793 0.00115801 0.000652212 0.00122911 0.00140268 0.00101525 0.000575975 0.0208189 0.00747587 0.0208189 0.00747587 0.0009328 0.00030378 0.0009328 0.00030378 9.57221e-08 2.65757e-08 9.57221e-08 2.65757e-08 
0.00536378 0.0107138 0.0167196 0.0142725 0.0107138 0.0219175 0.034792 0.0291053 0.0167196 0.034792 0.0559667 0.0460913 0.0142725 0.0291053 0.0460913 0.0386695 0.00195338 0.00412072 0.00665757 0.00544802 0.00412072 0.0089617 0.0148182 0.0117991 0.00665757 0.0148182 0.0249885 0.0194441 0.00544802 0.0117991 0.0194441 0.0155459 0.00670742 0.0110835 0.0148783 0.0134155 0.0110835 0.0186803 0.0254445 0.0226983 0.0148783 0.0254445 0.0350507 0.0309977 0.0134155 0.0226983 0.0309977 0.0276192 0.000274653 0.000476737 0.000652212 0.000575975 0.000476737 0.000838984 0.00115801 0.00101525 0.000652212 0.00115801 0.00160793 0.00140268 0.000575975 0.00101525 0.00140268 0.00122911 0.00747587 0.0208189 0.0208189 0.00747587 0.00030378 0.0009328 0.0009328 0.00030378 2.65757e-08 9.57221e-08 9.57221e-08 2.65757e-08 
0.00179712 0.00536375 0.0142725 0.0256124 0.00351257 0.0107138 0.0291053 0.0531562 0.00540202 0.0167196 0.0460913 0.0853001 0.00469165 0.0142725 0.0386694 0.0704539 0.000620235 0.00195411 0.00544949 0.0101414 0.00127333 0.004122 0.0118017 0.0224777 0.00201793 0.00665934 0.0194478 0.0377487 0.00168894 0.00544957 0.0155491 0.0295188 0.0031082 0.00700924 0.0139974 0.019599 0.00502839 0.0115872 0.0236857 0.0338516 0.006648 0.0155561 0.0323415 0.0469418 0.00605545 0.0140276 0.028823 0.0413614 0.000117838 0.000285283 0.000597646 0.000853183 0.000201346 0.000495419 0.00105383 0.00152249 0.000272761 0.00067796 0.0014563 0.00212075 0.000242752 0.000598677 0.00127608 0.0018463 0.00256594 0.0428273 0.019849 0.00708839 9.36744e-05 0.00210799 0.000885927 0.000286834 6.97477e-09 2.52904e-07 9.1154e-08 2.5145e-08 
0.0082899 0.00469165 0.00179712 0.00061466 0.0256124 0.0142725 0.00536378 0.00179712 0.0704539 0.0386695 0.0142725 0.00469165 0.13009 0.0704539 0.0256124 0.0082899 0.00308208 0.00168958 0.000620557 0.000202094 0.0101438 0.00545115 0.0019549 0.000620557 0.0295238 0.0155525 0.00545115 0.00168958 0.0570909 0.0295238 0.0101438 0.00308208 0.00864827 0.00631659 0.00324627 0.00147478 0.0205024 0.0146421 0.00732797 0.00324627 0.0431664 0.0300902 0.0146421 0.00631659 0.0632708 0.0431664 0.0205024 0.00864827 0.000354658 0.000251809 0.000122351 5.15111e-05 0.000887511 0.000621437 0.000296448 0.000122351 0.0019181 0.00132528 0.000621437 0.000251809 0.00280603 0.0019181 0.000887511 0.000354658 0.0410769 0.00242141 0.0410769 0.00242141 0.0020165 8.80465e-05 0.0020165 8.80465e-05 2.42752e-07 6.56551e-09 2.42752e-07 6.56551e-09 
0.00469165 0.00540202 0.00351257 0.00179712 0.0142725 0.0167196 0.0107138 0.00536375 0.0386694 0.0460913 0.0291053 0.0142725 0.0704539 0.0853001 0.0531562 0.0256124 0.00168894 0.00201793 0.00127333 0.000620235 0.00544957 0.00665934 0.004122 0.00195411 0.0155491 0.0194478 0.0118017 0.00544949 0.0295188 0.0377487 0.0224777 0.0101414 0.00605545 0.006648 0.00502839 0.0031082 0.0140276 0.0155561 0.0115872 0.00700924 0.028823 0.0323415 0.0236857 0.0139974 0.0413614 0.0469418 0.0338516 0.019599 0.000242752 0.000272761 0.000201346 0.000117838 0.000598677 0.00067796 0.000495419 0.000285283 0.00127608 0.0014563 0.00105383 0.000597646 0.0018463 0.00212075 0.00152249 0.000853183 0.019849 0.00708839 0.0428273 0.00256594 0.000885927 0.000286834 0.00210799 9.36744e-05 9.1154e-08 2.5145e-08 2.52904e-07 6.97477e-09 
0.00179712 0.00351257 0.00540202 0.00469165 0.00536375 0.0107138 0.0167196 0.0142725 0.0142725 0.0291053 0.0460913 0.0386694 0.0256124 0.0531562 0.0853001 0.0704539 0.000620235 0.00127333 0.00201793 0.00168894 0.00195411 0.004122 0.00665934 0.00544957 0.00544949 0.0118017 0.0194478 0.0155491 0.0101414 0.0224777 0.0377487 0.0295188 0.0031082 0.00502839 0.006648 0.00605545 0.00700924 0.0115872 0.0155561 0.0140276 0.0139974 0.0236857 0.0323415 0.028823 0.019599 0.0338516 0.0469418 0.0413614 0.000117838 0.000201346 0.000272761 0.000242752 0.000285283 0.000495419 0.00067796 0.000598677 0.000597646 0.00105383 0.0014563 0.00127608 0.000853183 0.00152249 0.00212075 0.0018463 0.00708839 0.019849 0.0428273 0.00256594 0.000286834 0.000885927 0.00210799 9.36744e-05 2.5145e-08 9.1154e-08 2.52904e-07 6.97477e-09 
0.00061466 0.00179712 0.00469165 0.0082899 0.00179712 0.00536378 0.0142725 0.0256124 0.00469165 0.0142725 0.0386695 0.0704539 0.0082899 0.0256124 0.0704539 0.13009 0.000202094 0.000620557 0.00168958 0.00308208 0.000620557 0.0019549 0.00545115 0.0101438 0.00168958 0.00545115 0.0155525 0.0295238 0.00308208 0.0101438 0.0295238 0.0570909 0.00147478 0.00324627 0.00631659 0.00864827 0.00324627 0.00732797 0.0146421 0.0205024 0.00631659 0.0146421 0.0300902 0.0431664 0.00864827 0.0205024 0.0431664 0.0632708 5.15111e-05 0.000122351 0.000251809 0.000354658 0.000122351 0.000296448 0.000621437 0.000887511 0.000251809 0.000621437 0.00132528 0.0019181 0.000354658 0.000887511 0.0019181 0.00280603 0.00242141 0.0410769 0.0410769 0.00242141 8.80465e-05 0.0020165 0.0020165 8.80465e-05 6.56551e-09 2.42752e-07 2.42752e-07 6.56551e-09 
0.124886 0.0645724 0.0221844 0.00674205 0.0645724 0.0340066 0.0119175 0.00369457 0.0221844 0.0119175 0.00427301 0.00135676 0.00674205 0.00369457 0.00135676 0.00044208 0.0550068 0.0269793 0.00872258 0.00248217 0.0269793 0.0135779 0.00450678 0.00131597 0.00872258 0.00450678 0.00154034 0.000463687 0.00248217 0.00131597 0.000463687 0.000144262 0.0675181 0.0459726 0.0219773 0.00941458 0.0459726 0.032179 0.0158578 0.00698208 0.0219773 0.0158578 0.00809015 0.00367737 0.00941458 0.00698208 0.00367737 0.00172153 0.00355807 0.00243092 0.00112785 0.000453794 0.00243092 0.00168288 0.000793564 0.000324692 0.00112785 0.000793564 0.000382076 0.00015982 0.000453794 0.000324692 0.00015982 6.84527e-05 0.0551761 0.00291499 0.00291499 0.0551761 0.00314019 0.000118768 0.000118768 0.00314019 4.30906e-07 9.48633e-09 9.48633e-09 4.30906e-07 
0.0645833 0.0825752 0.0491701 0.0221896 0.0340136 0.0425339 0.0258105 0.0119209 0.0119208 0.0145634 0.00901408 0.00427461 0.00369595 0.00441422 0.00278542 0.00135747 0.0269793 0.0368021 0.0207629 0.00872258 0.0135778 0.0179429 0.0104036 0.00450671 0.00450671 0.00577242 0.0034381 0.00154031 0.00131597 0.00163671 0.00100001 0.000463687 0.0445136 0.0511861 0.0367806 0.0212826 0.0311888 0.0352936 0.0258844 0.0153772 0.0153991 0.01715 0.0128533 0.00786241 0.00679678 0.00747079 0.00570601 0.00358331 0.00237699 0.0027532 0.00197289 0.00110326 0.00164712 0.00189168 0.00136915 0.00077703 0.000777725 0.000884369 0.000647861 0.000374627 0.000318689 0.000358845 0.000266133 0.000156944 0.0246356 0.00862192 0.00315747 0.0582839 0.00125298 0.000394422 0.000129153 0.00332395 1.41774e-07 3.73957e-08 1.0295e-08 4.53691e-07 
0.0221896 0.0491701 0.0825752 0.0645833 0.0119209 0.0258105 0.0425339 0.0340136 0.00427461 0.00901408 0.0145634 0.0119208 0.00135747 0.00278542 0.00441422 0.00369595 0.00872258 0.0207629 0.0368021 0.0269793 0.00450671 0.0104036 0.0179429 0.0135778 0.00154031 0.0034381 0.00577242 0.00450671 0.000463687 0.00100001 0.00163671 0.00131597 0.0212826 0.0367806 0.0511861 0.0445136 0.0153772 0.0258844 0.0352936 0.0311888 0.00786241 0.0128533 0.01715 0.0153991 0.00358331 0.00570601 0.00747079 0.00679678 0.00110326 0.00197289 0.0027532 0.00237699 0.00077703 0.00136915 0.00189168 0.00164712 0.000374627 0.000647861 0.000884369 0.000777725 0.000156944 0.000266133 0.000358845 0.000318689 0.00862192 0.0246356 0.00315747 0.0582839 0.000394422 0.00125298 0.000129153 0.00332395 3.73957e-08 1.41774e-07 1.0295e-08 4.53691e-07 
0.00674205 0.0221844 0.0645724 0.124886 0.00369457 0.0119175 0.0340066 0.0645724 0.00135676 0.00427301 0.0119175 0.0221844 0.00044208 0.00135676 0.00369457 0.00674205 0.00248217 0.00872258 0.0269793 0.0550068 0.00131597 0.00450678 0.0135779 0.0269793 0.000463687 0.00154034 0.00450678 0.00872258 0.000144262 0.000463687 0.00131597 0.00248217 0.00941458 0.0219773 0.0459726 0.0675181 0.00698208 0.0158578 0.032179 0.0459726 0.00367737 0.00809015 0.0158578 0.0219773 0.00172153 0.00367737 0.00698208 0.00941458 0.000453794 0.00112785 0.00243092 0.00355807 0.000324692 0.000793564 0.00168288 0.00243092 0.00015982 0.000382076 0.000793564 0.00112785 6.84527e-05 0.00015982 0.000324692 0.000453794 0.00291499 0.0551761 0.00291499 0.0551761 0.000118768 0.00314019 0.000118768 0.00314019 9.48633e-09 4.30906e-07 9.48633e-09 4.30906e-07 
0.0645833 0.0340136 0.0119208 0.00369595 0.0825752 0.0425339 0.0145634 0.00441422 0.0491701 0.0258105 0.00901408 0.00278542 0.0221896 0.0119209 0.00427461 0.00135747 0.0269793 0.0135778 0.00450671 0.00131597 0.0368021 0.0179429 0.00577242 0.00163671 0.0207629 0.0104036 0.0034381 0.00100001 0.00872258 0.00450671 0.00154031 0.000463687 0.0445136 0.0311888 0.0153991 0.00679678 0.0511861 0.0352936 0.01715 0.00747079 0.0367806 0.0258844 0.0128533 0.00570601 0.0212826 0.0153772 0.00786241 0.00358331 0.00237699 0.00164712 0.000777725 0.000318689 0.0027532 0.00189168 0.000884369 0.000358845 0.00197289 0.00136915 0.000647861 0.000266133 0.00110326 0.00077703 0.000374627 0.000156944 0.0582839 0.00315747 0.00862192 0.0246356 0.00332395 0.000129153 0.000394422 0.00125298 4.53691e-07 1.0295e-08 3.73957e-08 1.41774e-07 
0.0340211 0.042542 0.0258162 0.0119244 0.042542 0.0546623 0.0324148 0.0145673 0.0258162 0.0324148 0.0196037 0.00901689 0.0119244 0.0145673 0.00901689 0.00427634 0.0135779 0.0179429 0.0104036 0.00450678 0.0179429 0.0246713 0.0138257 0.00577242 0.0104036 0.0138257 0.00797902 0.0034381 0.00450678 0.00577242 0.0034381 0.00154034 0.0302456 0.0342153 0.0251126 0.0149415 0.0342153 0.0391278 0.0283643 0.0166328 0.0251126 0.0283643 0.0208787 0.0124778 0.0149415 0.0166328 0.0124778 0.00764617 0.0016129 0.00185163 0.00134106 0.000761913 0.00185163 0.00213839 0.00153858 0.000866036 0.00134106 0.00153858 0.00111547 0.000634867 0.000761913 0.000866036 0.000634867 0.000367518 0.0263071 0.00928093 0.00928093 0.0263071 0.00134348 0.000426417 0.000426417 0.00134348 1.51432e-07 4.03141e-08 4.03141e-08 1.51432e-07 
0.0119244 0.0258162 0.042542 0.0340211 0.0145673 0.0324148 0.0546623 0.042542 0.00901689 0.0196037 0.0324148 0.0258162 0.00427634 0.00901689 0.0145673 0.0119244 0.00450678 0.0104036 0.0179429 0.0135779 0.00577242 0.0138257 0.0246713 0.0179429 0.0034381 0.00797902 0.0138257 0.0104036 0.00154034 0.0034381 0.00577242 0.00450678 0.0149415 0.0251126 0.0342153 0.0302456 0.0166328 0.0283643 0.0391278 0.0342153 0.0124778 0.0208787 0.0283643 0.0251126 0.00764617 0.0124778 0.0166328 0.0149415 0.000761913 0.00134106 0.00185163 0.0016129 0.000866036 0.00153858 0.00213839 0.00185163 0.000634867 0.00111547 0.00153858 0.00134106 0.000367518 0.000634867 0.000866036 0.000761913 0.00928093 0.0263071 0.00928093 0.0263071 0.000426417 0.00134348 0.000426417 0.00134348 4.03141e-08 1.51432e-07 4.03141e-08 1.51432e-07 
0.00369595 0.0119208 0.0340136 0.0645833 0.00441422 0.0145634 0.0425339 0.0825752 0.00278542 0.00901408 0.0258105 0.0491701 0.00135747 0.00427461 0.0119209 0.0221896 0.00131597 0.00450671 0.0135778 0.0269793 0.00163671 0.00577242 0.0179429 0.0368021 0.00100001 0.0034381 0.0104036 0.0207629 0.000463687 0.00154031 0.00450671 0.00872258 0.00679678 0.0153991 0.0311888 0.0445136 0.00747079 0.01715 0.0352936 0.0511861 0.00570601 0.0128533 0.0258844 0.0367806 0.00358331 0.00786241 0.0153772 0.0212826 0.000318689 0.000777725 0.00164712 0.00237699 0.000358845 0.000884369 0.00189168 0.0027532 0.000266133 0.000647861 0.00136915 0.00197289 0.000156944 0.000374627 0.00077703 0.00110326 0.00315747 0.0582839 0.00862192 0.0246356 0.000129153 0.00332395 0.000394422 0.00125298 1.0295e-08 4.53691e-07 3.73957e-08 1.41774e-07 
0.0221896 0.0119209 0.00427461 0.00135747 0.0491701 0.0258105 0.00901408 0.00278542 0.0825752 0.0425339 0.0145634 0.00441422 0.0645833 0.0340136 0.0119208 0.00369595 0.00872258 0.00450671 0.00154031 0.000463687 0.0207629 0.0104036 0.0034381 0.00100001 0.0368021 0.0179429 0.00577242 0.00163671 0.0269793 0.0135778 0.00450671 0.00131597 0.0212826 0.0153772 0.00786241 0.00358331 0.0367806 0.0258844 0.0128533 0.00570601 0.0511861 0.0352936 0.01715 0.00747079 0.0445136 0.0311888 0.0153991 0.00679678 0.00110326 0.00077703 0.000374627 0.000156944 0.00197289 0.00136915 0.000647861 0.000266133 0.0027532 0.00189168 0.000884369 0.000358845 0.00237699 0.00164712 0.000777725 0.000318689 0.0582839 0.00315747 0.0246356 0.00862192 0.00332395 0.000129153 0.00125298 0.000394422 4.53691e-07 1.0295e-08 1.41774e-07 3.73957e-08 
0.0119244 0.0145673 0.00901689 0.00427634 0.0258162 0.0324148 0.0196037 0.00901689 0.042542 0.0546623 0.0324148 0.0145673 0.0340211 0.042542 0.0258162 0.0119244 0.00450678 0.00577242 0.0034381 0.00154034 0.0104036 0.0138257 0.00797902 0.0034381 0.0179429 0.0246713 0.0138257 0.00577242 0.0135779 0.0179429 0.0104036 0.00450678 0.0149415 0.0166328 0.0124778 0.00764617 0.0251126 0.0283643 0.0208787 0.0124778 0.0342153 0.0391278 0.0283643 0.0166328 0.0302456 0.0342153 0.0251126 0.0149415 0.000761913 0.000866036 0.000634867 0.000367518 0.00134106 0.00153858 0.00111547 0.000634867 0.00185163 0.00213839 0.00153858 0.000866036 0.0016129 0.00185163 0.00134106 0.000761913 0.0263071 0.00928093 0.0263071 0.00928093 0.00134348 0.000426417 0.00134348 0.000426417 1.51432e-07 4.03141e-08 1.51432e-07 4.03141e-08 
0.00427634 0.00901689 0.0145673 0.0119244 0.00901689 0.0196037 0.0324148 0.0258162 0.0145673 0.0324148 0.0546623 0.042542 0.0119244 0.0258162 0.042542 0.0340211 0.00154034 0.0034381 0.00577242 0.00450678 0.0034381 0.00797902 0.0138257 0.0104036 0.00577242 0.0138257 0.0246713 0.0179429 0.00450678 0.0104036 0.0179429 0.0135779 0.00764617 0.0124778 0.0166328 0.0149415 0.0124778 0.0208787 0.0283643 0.0251126 0.0166328 0.0283643 0.0391278 0.0342153 0.0149415 0.0251126 0.0342153 0.0302456 0.000367518 0.000634867 0.000866036 0.000761913 0.000634867 0.00111547 0.00153858 0.00134106 0.000866036 0.00153858 0.00213839 0.00185163 0.000761913 0.00134106 0.00185163 0.0016129 0.00928093 0.0263071 0.0263071 0.00928093 0.000426417 0.00134348 0.00134348 0.000426417 4.03141e-08 1.51432e-07 1.51432e-07 4.03141e-08 
0.00135747 0.00427461 0.0119209 0.0221896 0.00278542 0.00901408 0.0258105 0.0491701 0.00441422 0.0145634 0.0425339 0.0825752 0.00369595 0.0119208 0.0340136 0.0645833 0.000463687 0.00154031 0.00450671 0.00872258 0.00100001 0.0034381 0.0104036 0.0207629 0.00163671 0.00577242 0.0179429 0.0368021 0.00131597 0.00450671 0.0135778 0.0269793 0.00358331 0.00786241 0.0153772 0.0212826 0.00570601 0.0128533 0.0258844 0.0367806 0.00747079 0.01715 0.0352936 0.0511861 0.00679678 0.0153991 0.0311888 0.0445136 0.000156944 0.000374627 0.00077703 0.00110326 0.000266133 0.000647861 0.00136915 0.00197289 0.000358845 0.000884369 0.00189168 0.0027532 0.000318689 0.000777725 0.00164712 0.00237699 0.00315747 0.0582839 0.0246356 0.00862192 0.000129153 0.00332395 0.00125298 0.000394422 1.0295e-08 4.53691e-07 1.41774e-07 3.73957e-08 
0.00674205 0.00369457 0.00135676 0.00044208 0.0221844 0.0119175 0.00427301 0.00135676 0.0645724 0.0340066 0.0119175 0.00369457 0.124886 0.0645724 0.0221844 0.00674205 0.00248217 0.00131597 0.000463687 0.000144262 0.00872258 0.00450678 0.00154034 0.000463687 0.0269793 0.0135779 0.00450678 0.00131597 0.0550068 0.0269793 0.00872258 0.00248217 0.00941458 0.00698208 0.00367737 0.00172153 0.0219773 0.0158578 0.00809015 0.00367737 0.0459726 0.032179 0.0158578 0.00698208 0.0675181 0.0459726 0.0219773 0.00941458 0.000453794 0.000324692 0.00015982 6.84527e-05 0.00112785 0.000793564 0.000382076 0.00015982 0.00243092 0.00168288 0.000793564 0.000324692 0.00355807 0.00243092 0.00112785 0.000453794 0.0551761 0.00291499 0.0551761 0.00291499 0.00314019 0.000118768 0.00314019 0.000118768 4.30906e-07 9.48633e-09 4.30906e-07 9.48633e-09 
0.00369595 0.00441422 0.00278542 0.00135747 0.0119208 0.0145634 0.00901408 0.00427461 0.0340136 0.0425339 0.0258105 0.0119209 0.0645833 0.0825752 0.0491701 0.0221896 0.00131597 0.00163671 0.00100001 0.000463687 0.00450671 0.00577242 0.0034381 0.00154031 0.0135778 0.0179429 0.0104036 0.00450671 0.0269793 0.0368021 0.0207629 0.00872258 0.00679678 0.00747079 0.00570601 0.00358331 0.0153991 0.01715 0.0128533 0.00786241 0.0311888 0.0352936 0.0258844 0.0153772 0.0445136 0.0511861 0.0367806 0.0212826 0.000318689 0.000358845 0.000266133 0.000156944 0.000777725 0.000884369 0.000647861 0.000374627 0.00164712 0.00189168 0.00136915 0.00077703 0.00237699 0.0027532 0.00197289 0.00110326 0.0246356 0.00862192 0.0582839 0.00315747 0.00125298 0.000394422 0.00332395 0.000129153 1.41774e-07 3.73957e-08 4.53691e-07 1.0295e-08 
0.00135747 0.00278542 0.00441422 0.00369595 0.00427461 0.00901408 0.0145634 0.0119208 0.0119209 0.0258105 0.0425339 0.0340136 0.0221896 0.0491701 0.0825752 0.0645833 0.000463687 0.00100001 0.00163671 0.00131597 0.00154031 0.0034381 0.00577242 0.00450671 0.00450671 0.0104036 0.0179429 0.0135778 0.00872258 0.0207629 0.0368021 0.0269793 0.00358331 0.00570601 0.00747079 0.00679678 0.00786241 0.0128533 0.01715 0.0153991 0.0153772 0.0258844 0.0352936 0.0311888 0.0212826 0.0367806 0.0511861 0.0445136 0.000156944 0.000266133 0.000358845 0.000318689 0.000374627 0.000647861 0.000884369 0.000777725 0.00077703 0.00136915 0.00189168 0.00164712 0.00110326 0.00197289 0.0027532 0.00237699 0.00862192 0.0246356 0.0582839 0.00315747 0.000394422 0.00125298 0.00332395 0.000129153 3.73957e-08 1.41774e-07 4.53691e-07 1.0295e-08 
0.00044208 0.00135676 0.00369457 0.00674205 0.00135676 0.00427301 0.0119175 0.0221844 0.00369457 0.0119175 0.0340066 0.0645724 0.00674205 0.0221844 0.0645724 0.124886 0.000144262 0.000463687 0.00131597 0.00248217 0.000463687 0.00154034 0.00450678 0.00872258 0.00131597 0.00450678 0.0135779 0.0269793 0.00248217 0.00872258 0.0269793 0.0550068 0.00172153 0.00367737 0.00698208 0.00941458 0.00367737 0.00809015 0.0158578 0.0219773 0.00698208 0.0158578 0.032179 0.0459726 0.00941458 0.0219773 0.0459726 0.0675181 6.84527e-05 0.00015982 0.000324692 0.000453794 0.00015982 0.000382076 0.000793564 0.00112785 0.000324692 0.000793564 0.00168288 0.00243092 0.000453794 0.00112785 0.00243092 0.00355807 0.00291499 0.0551761 0.0551761 0.00291499 0.000118768 0.00314019 0.00314019 0.000118768 9.48633e-09 4.30906e-07 4.30906e-07 9.48633e-09 
0.00311899 0.00203894 0.00096615 0.000426323 0.00203894 0.00136151 0.000661327 0.000298508 0.00096615 0.000661327 0.000330647 0.000153221 0.000426323 0.000298508 0.000153221 7.27006e-05 0.00152153 0.00100312 0.000479607 0.00021216 0.00100312 0.000681592 0.000336711 0.000153167 0.000479607 0.000336711 0.000172308 8.07507e-05 0.00021216 0.000153167 8.07507e-05 3.87951e-05 0.0736577 0.0620628 0.0386567 0.0213887 0.0620628 0.0523155 0.0325984 0.0180413 0.0386567 0.0325984 0.020321 0.0112501 0.0213887 0.0180413 0.0112501 0.00622996 0.00920386 0.00696215 0.00368488 0.00170263 0.00696215 0.00528895 0.00281747 0.00131158 0.00368488 0.00281747 0.00151569 0.000713573 0.00170263 0.00131158 0.000713573 0.000340266 0.178298 0.0110168 0.0110168 0.178298 0.0140076 0.000589274 0.000589274 0.0140076 2.38907e-06 5.59511e-08 5.59511e-08 2.38907e-06 
0.00212792 0.00231403 0.00166874 0.00101068 0.00142085 0.00152806 0.00111893 0.000691503 0.000690014 0.000733436 0.000546368 0.000345526 0.000311381 0.000327718 0.000247878 0.000160027 0.001036 0.00115349 0.000828858 0.000495263 0.000702845 0.000771049 0.000565918 0.000347022 0.000346528 0.000374824 0.00028119 0.000177181 0.000157343 0.000168356 0.000128586 8.28704e-05 0.0620628 0.0654529 0.054269 0.0386567 0.0523152 0.0551653 0.0457504 0.0325983 0.0325983 0.0343695 0.0285107 0.0203209 0.0180413 0.0190194 0.0157801 0.0112501 0.00696201 0.00763523 0.00588425 0.00368481 0.00528885 0.00578868 0.00447456 0.00281742 0.00281742 0.00307447 0.00238733 0.00151567 0.00131156 0.00142634 0.00111336 0.000713564 0.0772965 0.0293101 0.0122958 0.192221 0.0054599 0.00181676 0.00065473 0.0150243 7.61616e-07 2.08417e-07 6.17758e-08 2.53736e-06 
0.00101068 0.00166874 0.00231403 0.00212792 0.000691503 0.00111893 0.00152806 0.00142085 0.000345526 0.000546368 0.000733436 0.000690014 0.000160027 0.000247878 0.000327718 0.000311381 0.000495263 0.000828858 0.00115349 0.001036 0.000347022 0.000565918 0.000771049 0.000702845 0.000177181 0.00028119 0.000374824 0.000346528 8.28704e-05 0.000128586 0.000168356 0.000157343 0.0386567 0.054269 0.0654529 0.0620628 0.0325983 0.0457504 0.0551653 0.0523152 0.0203209 0.0285107 0.0343695 0.0325983 0.0112501 0.0157801 0.0190194 0.0180413 0.00368481 0.00588425 0.00763523 0.00696201 0.00281742 0.00447456 0.00578868 0.00528885 0.00151567 0.00238733 0.00307447 0.00281742 0.000713564 0.00111336 0.00142634 0.00131156 0.0293101 0.0772965 0.0122958 0.192221 0.00181676 0.0054599 0.00065473 0.0150243 2.08417e-07 7.61616e-07 6.17758e-08 2.53736e-06 
0.000426323 0.00096615 0.00203894 0.00311899 0.000298508 0.000661327 0.00136151 0.00203894 0.000153221 0.000330647 0.000661327 0.00096615 7.27006e-05 0.000153221 0.000298508 0.000426323 0.00021216 0.000479607 0.00100312 0.00152153 0.000153167 0.000336711 0.000681592 0.00100312 8.07507e-05 0.000172308 0.000336711 0.000479607 3.87951e-05 8.07507e-05 0.000153167 0.00021216 0.0213887 0.0386567 0.0620628 0.0736577 0.0180413 0.0325984 0.0523155 0.0620628 0.0112501 0.020321 0.0325984 0.0386567 0.00622996 0.0112501 0.0180413 0.0213887 0.00170263 0.00368488 0.00696215 0.00920386 0.00131158 0.00281747 0.00528895 0.00696215 0.000713573 0.00151569 0.00281747 0.00368488 0.000340266 0.000713573 0.00131158 0.00170263 0.0110168 0.178298 0.0110168 0.178298 0.000589274 0.0140076 0.000589274 0.0140076 5.59511e-08 2.38907e-06 5.59511e-08 2.38907e-06 
0.00212792 0.00142085 0.000690014 0.000311381 0.00231403 0.00152806 0.000733436 0.000327718 0.00166874 0.00111893 0.000546368 0.000247878 0.00101068 0.000691503 0.000345526 0.000160027 0.001036 0.000702845 0.000346528 0.000157343 0.00115349 0.000771049 0.000374824 0.000168356 0.000828858 0.000565918 0.00028119 0.000128586 0.000495263 0.000347022 0.000177181 8.28704e-05 0.0620628 0.0523152 0.0325983 0.0180413 0.0654529 0.0551653 0.0343695 0.0190194 0.054269 0.0457504 0.0285107 0.0157801 0.0386567 0.0325983 0.0203209 0.0112501 0.00696201 0.00528885 0.00281742 0.00131156 0.00763523 0.00578868 0.00307447 0.00142634 0.00588425 0.00447456 0.00238733 0.00111336 0.00368481 0.00281742 0.00151567 0.000713564 0.192221 0.0122958 0.0293101 0.0772965 0.0150243 0.00065473 0.00181676 0.0054599 2.53736e-06 6.17758e-08 2.08417e-07 7.61616e-07 
0.00148332 0.0015943 0.0011676 0.000721792 0.0015943 0.00172785 0.00125431 0.000766849 0.0011676 0.00125431 0.000920862 0.0005712 0.000721792 0.000766849 0.0005712 0.000361238 0.000725161 0.000795349 0.000583311 0.00035736 0.000795349 0.000881753 0.000639196 0.000386479 0.000583311 0.000639196 0.000470506 0.000289651 0.00035736 0.000386479 0.000289651 0.000182313 0.0523155 0.0551653 0.0457504 0.0325984 0.0551653 0.0581736 0.0482411 0.0343695 0.0457504 0.0482411 0.0400104 0.0285107 0.0325984 0.0343695 0.0285107 0.020321 0.00528876 0.00578857 0.00447448 0.00281738 0.00578857 0.00634167 0.00489513 0.00307441 0.00447448 0.00489513 0.00378652 0.00238729 0.00281738 0.00307441 0.00238729 0.00151565 0.0850177 0.032547 0.032547 0.0850177 0.00597342 0.00200727 0.00200727 0.00597342 8.25587e-07 2.28484e-07 2.28484e-07 8.25587e-07 
0.000721792 0.0011676 0.0015943 0.00148332 0.000766849 0.00125431 0.00172785 0.0015943 0.0005712 0.000920862 0.00125431 0.0011676 0.000361238 0.0005712 0.000766849 0.000721792 0.00035736 0.000583311 0.000795349 0.000725161 0.000386479 0.000639196 0.000881753 0.000795349 0.000289651 0.000470506 0.000639196 0.000583311 0.000182313 0.000289651 0.000386479 0.00035736 0.0325984 0.0457504 0.0551653 0.0523155 0.0343695 0.0482411 0.0581736 0.0551653 0.0285107 0.0400104 0.0482411 0.0457504 0.020321 0.0285107 0.0343695 0.0325984 0.00281738 0.00447448 0.00578857 0.00528876 0.00307441 0.00489513 0.00634167 0.00578857 0.00238729 0.00378652 0.00489513 0.00447448 0.00151565 0.00238729 0.00307441 0.00281738 0.032547 0.0850177 0.032547 0.0850177 0.00200727 0.00597342 0.00200727 0.00597342 2.28484e-07 8.25587e-07 2.28484e-07 8.25587e-07 
0.000311381 0.000690014 0.00142085 0.00212792 0.000327718 0.000733436 0.00152806 0.00231403 0.000247878 0.000546368 0.00111893 0.00166874 0.000160027 0.000345526 0.000691503 0.00101068 0.000157343 0.000346528 0.000702845 0.001036 0.000168356 0.000374824 0.000771049 0.00115349 0.000128586 0.00028119 0.000565918 0.000828858 8.28704e-05 0.000177181 0.000347022 0.000495263 0.0180413 0.0325983 0.0523152 0.0620628 0.0190194 0.0343695 0.0551653 0.0654529 0.0157801 0.0285107 0.0457504 0.054269 0.0112501 0.0203209 0.0325983 0.0386567 0.00131156 0.00281742 0.00528885 0.00696201 0.00142634 0.00307447 0.00578868 0.00763523 0.00111336 0.00238733 0.00447456 0.00588425 0.000713564 0.00151567 0.00281742 0.00368481 0.0122958 0.192221 0.0293101 0.0772965 0.00065473 0.0150243 0.00181676 0.0054599 6.17758e-08 2.53736e-06 2.08417e-07 7.61616e-07 
0.00101068 0.000691503 0.000345526 0.000160027 0.00166874 0.00111893 0.000546368 0.000247878 0.00231403 0.00152806 0.000733436 0.000327718 0.00212792 0.00142085 0.000690014 0.000311381 0.000495263 0.000347022 0.000177181 8.28704e-05 0.000828858 0.000565918 0.00028119 0.000128586 0.00115349 0.000771049 0.000374824 0.000168356 0.001036 0.000702845 0.000346528 0.000157343 0.0386567 0.0325983 0.0203209 0.0112501 0.054269 0.0457504 0.0285107 0.0157801 0.0654529 0.0551653 0.0343695 0.0190194 0.0620628 0.0523152 0.0325983 0.0180413 0.00368481 0.00281742 0.00151567 0.000713564 0.00588425 0.00447456 0.00238733 0.00111336 0.00763523 0.00578868 0.00307447 0.00142634 0.00696201 0.00528885 0.00281742 0.00131156 0.192221 0.0122958 0.0772965 0.0293101 0.0150243 0.00065473 0.0054599 0.00181676 2.53736e-06 6.17758e-08 7.61616e-07 2.08417e-07 
0.000721792 0.000766849 0.0005712 0.000361238 0.0011676 0.00125431 0.000920862 0.0005712 0.0015943 0.00172785 0.00125431 0.000766849 0.00148332 0.0015943 0.0011676 0.000721792 0.00035736 0.000386479 0.000289651 0.000182313 0.000583311 0.000639196 0.000470506 0.000289651 0.000795349 0.000881753 0.000639196 0.000386479 0.000725161 0.000795349 0.000583311 0.00035736 0.0325984 0.0343695 0.0285107 0.020321 0.0457504 0.0482411 0.0400104 0.0285107 0.0551653 0.0581736 0.0482411 0.0343695 0.0523155 0.0551653 0.0457504 0.0325984 0.00281738 0.00307441 0.00238729 0.00151565 0.00447448 0.00489513 0.00378652 0.00238729 0.00578857 0.00634167 0.00489513 0.00307441 0.00528876 0.00578857 0.00447448 0.00281738 0.0850177 0.032547 0.0850177 0.032547 0.00597342 0.00200727 0.00597342 0.00200727 8.25587e-07 2.28484e-07 8.25587e-07 2.28484e-07 
0.000361238 0.0005712 0.000766849 0.000721792 0.0005712 0.000920862 0.00125431 0.0011676 0.000766849 0.00125431 0.00172785 0.0015943 0.000721792 0.0011676 0.0015943 0.00148332 0.000182313 0.000289651 0.000386479 0.00035736 0.000289651 0.000470506 0.000639196 0.000583311 0.000386479 0.000639196 0.000881753 0.000795349 0.00035736 0.000583311 0.000795349 0.000725161 0.020321 0.0285107 0.0343695 0.0325984 0.0285107 0.0400104 0.0482411 0.0457504 0.0343695 0.0482411 0.0581736 0.0551653 0.0325984 0.0457504 0.0551653 0.0523155 0.00151565 0.00238729 0.00307441 0.00281738 0.00238729 0.00378652 0.00489513 0.00447448 0.00307441 0.00489513 0.00634167 0.00578857 0.00281738 0.00447448 0.00578857 0.00528876 0.032547 0.0850177 0.0850177 0.032547 0.00200727 0.00597342 0.00597342 0.00200727 2.28484e-07 8.25587e-07 8.25587e-07 2.28484e-07 
0.000160027 0.000345526 0.000691503 0.00101068 0.000247878 0.000546368 0.00111893 0.00166874 0.000327718 0.000733436 0.00152806 0.00231403 0.000311381 0.000690014 0.00142085 0.00212792 8.28704e-05 0.000177181 0.000347022 0.000495263 0.000128586 0.00028119 0.000565918 0.000828858 0.000168356 0.000374824 0.000771049 0.00115349 0.000157343 0.000346528 0.000702845 0.001036 0.0112501 0.0203209 0.0325983 0.0386567 0.0157801 0.0285107 0.0457504 0.054269 0.0190194 0.0343695 0.0551653 0.0654529 0.0180413 0.0325983 0.0523152 0.0620628 0.000713564 0.00151567 0.00281742 0.00368481 0.00111336 0.00238733 0.00447456 0.00588425 0.00142634 0.00307447 0.00578868 0.00763523 0.00131156 0.00281742 0.00528885 0.00696201 0.0122958 0.192221 0.0772965 0.0293101 0.00065473 0.0150243 0.0054599 0.00181676 6.17758e-08 2.53736e-06 7.61616e-07 2.08417e-07 
0.000426323 0.000298508 0.000153221 7.27006e-05 0.00096615 0.000661327 0.000330647 0.000153221 0.00203894 0.00136151 0.000661327 0.000298508 0.00311899 0.00203894 0.00096615 0.000426323 0.00021216 0.000153167 8.07507e-05 3.87951e-05 0.000479607 0.000336711 0.000172308 8.07507e-05 0.00100312 0.000681592 0.000336711 0.000153167 0.00152153 0.00100312 0.000479607 0.00021216 0.0213887 0.0180413 0.0112501 0.00622996 0.0386567 0.0325984 0.020321 0.0112501 0.0620628 0.0523155 0.0325984 0.0180413 0.0736577 0.0620628 0.0386567 0.0213887 0.00170263 0.00131158 0.000713573 0.000340266 0.00368488 0.00281747 0.00151569 0.000713573 0.00696215 0.00528895 0.00281747 0.00131158 0.00920386 0.00696215 0.00368488 0.00170263 0.178298 0.0110168 0.178298 0.0110168 0.0140076 0.000589274 0.0140076 0.000589274 2.38907e-06 5.59511e-08 2.38907e-06 5.59511e-08 
0.000311381 0.000327718 0.000247878 0.000160027 0.000690014 0.000733436 0.000546368 0.000345526 0.00142085 0.00152806 0.00111893 0.000691503 0.00212792 0.00231403 0.00166874 0.00101068 0.000157343 0.000168356 0.000128586 8.28704e-05 0.000346528 0.000374824 0.00028119 0.000177181 0.000702845 0.000771049 0.000565918 0.000347022 0.001036 0.00115349 0.000828858 0.000495263 0.0180413 0.0190194 0.0157801 0.0112501 0.0325983 0.0343695 0.0285107 0.0203209 0.0523152 0.0551653 0.0457504 0.0325983 0.0620628 0.0654529 0.054269 0.0386567 0.00131156 0.00142634 0.00111336 0.000713564 0.00281742 0.00307447 0.00238733 0.00151567 0.00528885 0.00578868 0.00447456 0.00281742 0.00696201 0.00763523 0.00588425 0.00368481 0.0772965 0.0293101 0.192221 0.0122958 0.0054599 0.00181676 0.0150243 0.00065473 7.61616e-07 2.08417e-07 2.53736e-06 6.17758e-08 
0.000160027 0.000247878 0.000327718 0.000311381 0.000345526 0.000546368 0.000733436 0.000690014 0.000691503 0.00111893 0.00152806 0.00142085 0.00101068 0.00166874 0.00231403 0.00212792 8.28704e-05 0.000128586 0.000168356 0.000157343 0.000177181 0.00028119 0.000374824 0.000346528 0.000347022 0.000565918 0.000771049 0.000702845 0.000495263 0.000828858 0.00115349 0.001036 0.0112501 0.0157801 0.0190194 0.0180413 0.0203209 0.0285107 0.0343695 0.0325983 0.0325983 0.0457504 0.0551653 0.0523152 0.0386567 0.054269 0.0654529 0.0620628 0.000713564 0.00111336 0.00142634 0.00131156 0.00151567 0.00238733 0.00307447 0.00281742 0.00281742 0.00447456 0.00578868 0.00528885 0.00368481 0.00588425 0.00763523 0.00696201 0.0293101 0.0772965 0.192221 0.0122958 0.00181676 0.0054599 0.0150243 0.00065473 2.08417e-07 7.61616e-07 2.53736e-06 6.17758e-08 
7.27006e-05 0.000153221 0.000298508 0.000426323 0.000153221 0.000330647 0.000661327 0.00096615 0.000298508 0.000661327 0.00136151 0.00203894 0.000426323 0.00096615 0.00203894 0.00311899 3.87951e-05 8.07507e-05 0.000153167 0.00021216 8.07507e-05 0.000172308 0.000336711 0.000479607 0.000153167 0.000336711 0.000681592 0.00100312 0.00021216 0.000479607 0.00100312 0.00152153 0.00622996 0.0112501 0.0180413 0.0213887 0.0112501 0.020321 0.0325984 0.0386567 0.0180413 0.0325984 0.0523155 0.0620628 0.0213887 0.0386567 0.0620628 0.0736577 0.000340266 0.000713573 0.00131158 0.00170263 0.000713573 0.00151569 0.00281747 0.00368488 0.00131158 0.00281747 0.00528895 0.00696215 0.00170263 0.00368488 0.00696215 0.00920386 0.0110168 0.178298 0.178298 0.0110168 0.000589274 0.0140076 0.0140076 0.000589274 5.59511e-08 2.38907e-06 2.38907e-06 5.59511e-08 
