0.130646 0.0720373 0.0322308 0.0720373 0.0403097 0.0183579 0.0322308 0.0183579 0.00854828 0.0572639 0.0300751 0.0126226 0.0300751 0.0161147 0.00692075 0.0126226 0.00692075 0.00305628 0.0594995 0.0421422 0.0230831 0.0421422 0.0306221 0.0171979 0.0230831 0.0171979 0.00990392 0.002591 0.00184332 0.000981441 0.00184332 0.0013282 0.000717373 0.000981441 0.000717373 0.000393961 0.0487755 0.0100705 0.0100705 0.0487755 0.00240226 0.000402973 0.000402973 0.00240226 2.90064e-07 3.48053e-08 3.48053e-08 2.90064e-07 
0.0720373 0.0908986 0.0720373 0.0403096 0.0501262 0.0403096 0.0183579 0.0224437 0.0183579 0.0300694 0.0398567 0.0300694 0.0161106 0.0209127 0.0161106 0.0069186 0.0087753 0.0069186 0.0400888 0.0484396 0.0400888 0.0291191 0.0348097 0.0291191 0.0163573 0.0193583 0.0163573 0.00176166 0.00215145 0.00176166 0.00126991 0.00154129 0.00126991 0.000686298 0.000827245 0.000686298 0.0238262 0.0238262 0.0105006 0.0504861 0.00106352 0.00106352 0.000422596 0.00249673 1.09342e-07 1.09342e-07 3.65175e-08 3.0114e-07 
0.0322308 0.0720373 0.130646 0.0183579 0.0403097 0.0720373 0.00854828 0.0183579 0.0322308 0.0126226 0.0300751 0.0572639 0.00692075 0.0161147 0.0300751 0.00305628 0.00692075 0.0126226 0.0230831 0.0421422 0.0594995 0.0171979 0.0306221 0.0421422 0.00990392 0.0171979 0.0230831 0.000981441 0.00184332 0.002591 0.000717373 0.0013282 0.00184332 0.000393961 0.000717373 0.000981441 0.0100705 0.0487755 0.0100705 0.0487755 0.000402973 0.00240226 0.000402973 0.00240226 3.48053e-08 2.90064e-07 3.48053e-08 2.90064e-07 
0.0720373 0.0403096 0.0183579 0.0908986 0.0501262 0.0224437 0.0720373 0.0403096 0.0183579 0.0300694 0.0161106 0.0069186 0.0398567 0.0209127 0.0087753 0.0300694 0.0161106 0.0069186 0.0400888 0.0291191 0.0163573 0.0484396 0.0348097 0.0193583 0.0400888 0.0291191 0.0163573 0.00176166 0.00126991 0.000686298 0.00215145 0.00154129 0.000827245 0.00176166 0.00126991 0.000686298 0.0504861 0.0105006 0.0238262 0.0238262 0.00249673 0.000422596 0.00106352 0.00106352 3.0114e-07 3.65175e-08 1.09342e-07 1.09342e-07 
0.0403097 0.0501262 0.0403097 0.0501262 0.063264 0.0501262 0.0403097 0.0501262 0.0403097 0.0161069 0.0209081 0.0161069 0.0209081 0.0277564 0.0209081 0.0161069 0.0209081 0.0161069 0.0277027 0.033121 0.0277027 0.033121 0.0398261 0.033121 0.0277027 0.033121 0.0277027 0.00121471 0.00147419 0.00121471 0.00147419 0.00179536 0.00147419 0.00121471 0.00147419 0.00121471 0.0247647 0.0247647 0.0247647 0.0247647 0.00111125 0.00111125 0.00111125 0.00111125 1.14221e-07 1.14221e-07 1.14221e-07 1.14221e-07 
0.0183579 0.0403096 0.0720373 0.0224437 0.0501262 0.0908986 0.0183579 0.0403096 0.0720373 0.0069186 0.0161106 0.0300694 0.0087753 0.0209127 0.0398567 0.0069186 0.0161106 0.0300694 0.0163573 0.0291191 0.0400888 0.0193583 0.0348097 0.0484396 0.0163573 0.0291191 0.0400888 0.000686298 0.00126991 0.00176166 0.000827245 0.00154129 0.00215145 0.000686298 0.00126991 0.00176166 0.0105006 0.0504861 0.0238262 0.0238262 0.000422596 0.00249673 0.00106352 0.00106352 3.65175e-08 3.0114e-07 1.09342e-07 1.09342e-07 
0.0322308 0.0183579 0.00854828 0.0720373 0.0403097 0.0183579 0.130646 0.0720373 0.0322308 0.0126226 0.00692075 0.00305628 0.0300751 0.0161147 0.00692075 0.0572639 0.0300751 0.0126226 0.0230831 0.0171979 0.00990392 0.0421422 0.0306221 0.0171979 0.0594995 0.0421422 0.0230831 0.000981441 0.000717373 0.000393961 0.00184332 0.0013282 0.000717373 0.002591 0.00184332 0.000981441 0.0487755 0.0100705 0.0487755 0.0100705 0.00240226 0.000402973 0.00240226 0.000402973 2.90064e-07 3.48053e-08 2.90064e-07 3.48053e-08 
0.0183579 0.0224437 0.0183579 0.0403096 0.0501262 0.0403096 0.0720373 0.0908986 0.0720373 0.0069186 0.0087753 0.0069186 0.0161106 0.0209127 0.0161106 0.0300694 0.0398567 0.0300694 0.0163573 0.0193583 0.0163573 0.0291191 0.0348097 0.0291191 0.0400888 0.0484396 0.0400888 0.000686298 0.000827245 0.000686298 0.00126991 0.00154129 0.00126991 0.00176166 0.00215145 0.00176166 0.0238262 0.0238262 0.0504861 0.0105006 0.00106352 0.00106352 0.00249673 0.000422596 1.09342e-07 1.09342e-07 3.0114e-07 3.65175e-08 
0.00854828 0.0183579 0.0322308 0.0183579 0.0403097 0.0720373 0.0322308 0.0720373 0.130646 0.00305628 0.00692075 0.0126226 0.00692075 0.0161147 0.0300751 0.0126226 0.0300751 0.0572639 0.00990392 0.0171979 0.0230831 0.0171979 0.0306221 0.0421422 0.0230831 0.0421422 0.0594995 0.000393961 0.000717373 0.000981441 0.000717373 0.0013282 0.00184332 0.000981441 0.00184332 0.002591 0.0100705 0.0487755 0.0487755 0.0100705 0.000402973 0.00240226 0.00240226 0.000402973 3.48053e-08 2.90064e-07 2.90064e-07 3.48053e-08 
0.125265 0.0657768 0.0276119 0.0657768 0.0352338 0.0151344 0.0276119 0.0151344 0.00668562 0.055114 0.0273895 0.0107311 0.0273895 0.0139905 0.0056483 0.0107311 0.0056483 0.00236212 0.062841 0.0443698 0.0243219 0.0443698 0.0323719 0.0183216 0.0243219 0.0183216 0.0107053 0.00324394 0.00230611 0.00122797 0.00230611 0.00166526 0.000902501 0.00122797 0.000902501 0.000499237 0.065154 0.0118538 0.0118538 0.065154 0.00372413 0.000536716 0.000536716 0.00372413 5.13238e-07 5.02123e-08 5.02123e-08 5.13238e-07 
0.0657892 0.0871865 0.0657892 0.035242 0.0457365 0.035242 0.0151391 0.019196 0.0151391 0.0273895 0.0385167 0.0273895 0.0139903 0.0190896 0.0139903 0.0056483 0.00746816 0.0056483 0.0427007 0.0521962 0.0427007 0.0311945 0.0375498 0.0311945 0.0176927 0.0210025 0.0176927 0.00224444 0.00276055 0.00224444 0.00162278 0.00197958 0.00162278 0.000880843 0.00106496 0.000880843 0.0293019 0.0293019 0.012627 0.0684625 0.00149243 0.00149243 0.000575686 0.00392935 1.68977e-07 1.68977e-07 5.38706e-08 5.39983e-07 
0.0276119 0.0657768 0.125265 0.0151344 0.0352338 0.0657768 0.00668562 0.0151344 0.0276119 0.0107311 0.0273895 0.055114 0.0056483 0.0139905 0.0273895 0.00236212 0.0056483 0.0107311 0.0243219 0.0443698 0.062841 0.0183216 0.0323719 0.0443698 0.0107053 0.0183216 0.0243219 0.00122797 0.00230611 0.00324394 0.000902501 0.00166526 0.00230611 0.000499237 0.000902501 0.00122797 0.0118538 0.065154 0.0118538 0.065154 0.000536716 0.00372413 0.000536716 0.00372413 5.02123e-08 5.13238e-07 5.02123e-08 5.13238e-07 
0.0657892 0.035242 0.0151391 0.0871865 0.0457365 0.019196 0.0657892 0.035242 0.0151391 0.0273895 0.0139903 0.0056483 0.0385167 0.0190896 0.00746816 0.0273895 0.0139903 0.0056483 0.0427007 0.0311945 0.0176927 0.0521962 0.0375498 0.0210025 0.0427007 0.0311945 0.0176927 0.00224444 0.00162278 0.000880843 0.00276055 0.00197958 0.00106496 0.00224444 0.00162278 0.000880843 0.0684625 0.012627 0.0293019 0.0293019 0.00392935 0.000575686 0.00149243 0.00149243 5.39983e-07 5.38706e-08 1.68977e-07 1.68977e-07 
0.0352509 0.0457466 0.0352509 0.0457466 0.0607171 0.0457466 0.0352509 0.0457466 0.0352509 0.0139905 0.0190896 0.0139905 0.0190896 0.0269463 0.0190896 0.0139905 0.0190896 0.0139905 0.0300819 0.0361953 0.0300819 0.0361953 0.0439245 0.0361953 0.0300819 0.0361953 0.0300819 0.00158245 0.00192949 0.00158245 0.00192949 0.00236382 0.00192949 0.00158245 0.00192949 0.00158245 0.0310534 0.0310534 0.0310534 0.0310534 0.0015916 0.0015916 0.0015916 0.0015916 1.80021e-07 1.80021e-07 1.80021e-07 1.80021e-07 
0.0151391 0.035242 0.0657892 0.019196 0.0457365 0.0871865 0.0151391 0.035242 0.0657892 0.0056483 0.0139903 0.0273895 0.00746816 0.0190896 0.0385167 0.0056483 0.0139903 0.0273895 0.0176927 0.0311945 0.0427007 0.0210025 0.0375498 0.0521962 0.0176927 0.0311945 0.0427007 0.000880843 0.00162278 0.00224444 0.00106496 0.00197958 0.00276055 0.000880843 0.00162278 0.00224444 0.012627 0.0684625 0.0293019 0.0293019 0.000575686 0.00392935 0.00149243 0.00149243 5.38706e-08 5.39983e-07 1.68977e-07 1.68977e-07 
0.0276119 0.0151344 0.00668562 0.0657768 0.0352338 0.0151344 0.125265 0.0657768 0.0276119 0.0107311 0.0056483 0.00236212 0.0273895 0.0139905 0.0056483 0.055114 0.0273895 0.0107311 0.0243219 0.0183216 0.0107053 0.0443698 0.0323719 0.0183216 0.062841 0.0443698 0.0243219 0.00122797 0.000902501 0.000499237 0.00230611 0.00166526 0.000902501 0.00324394 0.00230611 0.00122797 0.065154 0.0118538 0.065154 0.0118538 0.00372413 0.000536716 0.00372413 0.000536716 5.13238e-07 5.02123e-08 5.13238e-07 5.02123e-08 
0.0151391 0.019196 0.0151391 0.035242 0.0457365 0.035242 0.0657892 0.0871865 0.0657892 0.0056483 0.00746816 0.0056483 0.0139903 0.0190896 0.0139903 0.0273895 0.0385167 0.0273895 0.0176927 0.0210025 0.0176927 0.0311945 0.0375498 0.0311945 0.0427007 0.0521962 0.0427007 0.000880843 0.00106496 0.000880843 0.00162278 0.00197958 0.00162278 0.00224444 0.00276055 0.00224444 0.0293019 0.0293019 0.0684625 0.012627 0.00149243 0.00149243 0.00392935 0.000575686 1.68977e-07 1.68977e-07 5.39983e-07 5.38706e-08 
0.00668562 0.0151344 0.0276119 0.0151344 0.0352338 0.0657768 0.0276119 0.0657768 0.125265 0.00236212 0.0056483 0.0107311 0.0056483 0.0139905 0.0273895 0.0107311 0.0273895 0.055114 0.0107053 0.0183216 0.0243219 0.0183216 0.0323719 0.0443698 0.0243219 0.0443698 0.062841 0.000499237 0.000902501 0.00122797 0.000902501 0.00166526 0.00230611 0.00122797 0.00230611 0.00324394 0.0118538 0.065154 0.065154 0.0118538 0.000536716 0.00372413 0.00372413 0.000536716 5.02123e-08 5.13238e-07 5.13238e-07 5.02123e-08 
0.00293307 0.00197621 0.0011379 0.00197621 0.00136562 0.000806347 0.0011379 0.000806347 0.000488222 0.00141614 0.000962268 0.000548099 0.000962268 0.000677903 0.000398708 0.000548099 0.000398708 0.000241247 0.0641253 0.0574907 0.0405163 0.0574907 0.0515705 0.0363591 0.0405163 0.0363591 0.0256438 0.00810851 0.00645613 0.00391801 0.00645613 0.00516704 0.003157 0.00391801 0.003157 0.00194603 0.207272 0.0383013 0.0383013 0.207272 0.0164595 0.00239525 0.00239525 0.0164595 2.83017e-06 2.73794e-07 2.73794e-07 2.83017e-06 
0.00207743 0.00238787 0.00207743 0.00143545 0.00163272 0.00143545 0.000847786 0.000954283 0.000847786 0.000999883 0.00117625 0.000999883 0.000702975 0.00081567 0.000702975 0.000412882 0.000473297 0.000412882 0.0574907 0.06477 0.0574907 0.0515702 0.0580919 0.0515702 0.0363591 0.0409524 0.0363591 0.00645597 0.00755294 0.00645597 0.00516692 0.00603279 0.00516692 0.00315694 0.00367639 0.00315694 0.0900876 0.0900876 0.0421668 0.222681 0.00642489 0.00642489 0.00263001 0.0176226 9.00705e-07 9.00705e-07 2.99169e-07 3.00716e-06 
0.0011379 0.00197621 0.00293307 0.000806347 0.00136562 0.00197621 0.000488222 0.000806347 0.0011379 0.000548099 0.000962268 0.00141614 0.000398708 0.000677903 0.000962268 0.000241247 0.000398708 0.000548099 0.0405163 0.0574907 0.0641253 0.0363591 0.0515705 0.0574907 0.0256438 0.0363591 0.0405163 0.00391801 0.00645613 0.00810851 0.003157 0.00516704 0.00645613 0.00194603 0.003157 0.00391801 0.0383013 0.207272 0.0383013 0.207272 0.00239525 0.0164595 0.00239525 0.0164595 2.73794e-07 2.83017e-06 2.73794e-07 2.83017e-06 
0.00207743 0.00143545 0.000847786 0.00238787 0.00163272 0.000954283 0.00207743 0.00143545 0.000847786 0.000999883 0.000702975 0.000412882 0.00117625 0.00081567 0.000473297 0.000999883 0.000702975 0.000412882 0.0574907 0.0515702 0.0363591 0.06477 0.0580919 0.0409524 0.0574907 0.0515702 0.0363591 0.00645597 0.00516692 0.00315694 0.00755294 0.00603279 0.00367639 0.00645597 0.00516692 0.00315694 0.222681 0.0421668 0.0900876 0.0900876 0.0176226 0.00263001 0.00642489 0.00642489 3.00716e-06 2.99169e-07 9.00705e-07 9.00705e-07 
0.00150954 0.00171597 0.00150954 0.00171597 0.00196326 0.00171597 0.00150954 0.00171597 0.00150954 0.000729507 0.000846192 0.000729507 0.000846192 0.000989848 0.000846192 0.000729507 0.000846192 0.000729507 0.0515705 0.0580919 0.0515705 0.0580919 0.0654413 0.0580919 0.0515705 0.0580919 0.0515705 0.00516682 0.00603266 0.00516682 0.00603266 0.00704914 0.00603266 0.00516682 0.00603266 0.00516682 0.0984744 0.0984744 0.0984744 0.0984744 0.0070005 0.0070005 0.0070005 0.0070005 9.75037e-07 9.75037e-07 9.75037e-07 9.75037e-07 
0.000847786 0.00143545 0.00207743 0.000954283 0.00163272 0.00238787 0.000847786 0.00143545 0.00207743 0.000412882 0.000702975 0.000999883 0.000473297 0.00081567 0.00117625 0.000412882 0.000702975 0.000999883 0.0363591 0.0515702 0.0574907 0.0409524 0.0580919 0.06477 0.0363591 0.0515702 0.0574907 0.00315694 0.00516692 0.00645597 0.00367639 0.00603279 0.00755294 0.00315694 0.00516692 0.00645597 0.0421668 0.222681 0.0900876 0.0900876 0.00263001 0.0176226 0.00642489 0.00642489 2.99169e-07 3.00716e-06 9.00705e-07 9.00705e-07 
0.0011379 0.000806347 0.000488222 0.00197621 0.00136562 0.000806347 0.00293307 0.00197621 0.0011379 0.000548099 0.000398708 0.000241247 0.000962268 0.000677903 0.000398708 0.00141614 0.000962268 0.000548099 0.0405163 0.0363591 0.0256438 0.0574907 0.0515705 0.0363591 0.0641253 0.0574907 0.0405163 0.00391801 0.003157 0.00194603 0.00645613 0.00516704 0.003157 0.00810851 0.00645613 0.00391801 0.207272 0.0383013 0.207272 0.0383013 0.0164595 0.00239525 0.0164595 0.00239525 2.83017e-06 2.73794e-07 2.83017e-06 2.73794e-07 
0.000847786 0.000954283 0.000847786 0.00143545 0.00163272 0.00143545 0.00207743 0.00238787 0.00207743 0.000412882 0.000473297 0.000412882 0.000702975 0.00081567 0.000702975 0.000999883 0.00117625 0.000999883 0.0363591 0.0409524 0.0363591 0.0515702 0.0580919 0.0515702 0.0574907 0.06477 0.0574907 0.00315694 0.00367639 0.00315694 0.00516692 0.00603279 0.00516692 0.00645597 0.00755294 0.00645597 0.0900876 0.0900876 0.222681 0.0421668 0.00642489 0.00642489 0.0176226 0.00263001 9.00705e-07 9.00705e-07 3.00716e-06 2.99169e-07 
0.000488222 0.000806347 0.0011379 0.000806347 0.00136562 0.00197621 0.0011379 0.00197621 0.00293307 0.000241247 0.000398708 0.000548099 0.000398708 0.000677903 0.000962268 0.000548099 0.000962268 0.00141614 0.0256438 0.0363591 0.0405163 0.0363591 0.0515705 0.0574907 0.0405163 0.0574907 0.0641253 0.00194603 0.003157 0.00391801 0.003157 0.00516704 0.00645613 0.00391801 0.00645613 0.00810851 0.0383013 0.207272 0.207272 0.0383013 0.00239525 0.0164595 0.0164595 0.00239525 2.73794e-07 2.83017e-06 2.83017e-06 2.73794e-07 
4.58029e-06 3.1142e-06 1.73496e-06 3.1142e-06 2.14732e-06 1.21321e-06 1.73496e-06 1.21321e-06 6.9643e-07 2.6215e-06 1.81378e-06 9.9235e-07 1.81378e-06 1.27881e-06 7.11828e-07 9.9235e-07 7.11828e-07 4.03444e-07 0.000290774 0.000231514 0.000140501 0.000231514 0.000185284 0.000113209 0.000140501 0.000113209 6.97853e-05 0.143059 0.100269 0.05086 0.100269 0.0702759 0.0356457 0.05086 0.0356457 0.0180804 0.000592743 8.6294e-05 8.6294e-05 0.000592743 0.177903 0.0181036 0.0181036 0.177903 4.65648e-05 2.52484e-06 2.52484e-06 4.65648e-05 
3.25857e-06 3.80327e-06 3.25857e-06 2.2449e-06 2.60602e-06 2.2449e-06 1.26815e-06 1.46238e-06 1.26815e-06 1.86362e-06 2.23086e-06 1.86362e-06 1.3114e-06 1.55926e-06 1.3114e-06 7.29331e-07 8.60616e-07 7.29331e-07 0.000231519 0.000270851 0.000231519 0.000185288 0.000216333 0.000185288 0.000113211 0.000131837 0.000113211 0.100269 0.124456 0.100269 0.0702759 0.0872281 0.0702759 0.0356457 0.0442437 0.0356457 0.000231514 0.000231514 9.47521e-05 0.00063466 0.0596789 0.0596789 0.0197759 0.18956 1.11767e-05 1.11767e-05 2.73556e-06 4.89805e-05 
1.73496e-06 3.1142e-06 4.58029e-06 1.21321e-06 2.14732e-06 3.1142e-06 6.9643e-07 1.21321e-06 1.73496e-06 9.9235e-07 1.81378e-06 2.6215e-06 7.11828e-07 1.27881e-06 1.81378e-06 4.03444e-07 7.11828e-07 9.9235e-07 0.000140501 0.000231514 0.000290774 0.000113209 0.000185284 0.000231514 6.97853e-05 0.000113209 0.000140501 0.05086 0.100269 0.143059 0.0356457 0.0702759 0.100269 0.0180804 0.0356457 0.05086 8.6294e-05 0.000592743 8.6294e-05 0.000592743 0.0181036 0.177903 0.0181036 0.177903 2.52484e-06 4.65648e-05 2.52484e-06 4.65648e-05 
3.25857e-06 2.2449e-06 1.26815e-06 3.80327e-06 2.60602e-06 1.46238e-06 3.25857e-06 2.2449e-06 1.26815e-06 1.86362e-06 1.3114e-06 7.29331e-07 2.23086e-06 1.55926e-06 8.60616e-07 1.86362e-06 1.3114e-06 7.29331e-07 0.000231519 0.000185288 0.000113211 0.000270851 0.000216333 0.000131837 0.000231519 0.000185288 0.000113211 0.100269 0.0702759 0.0356457 0.124456 0.0872281 0.0442437 0.100269 0.0702759 0.0356457 0.00063466 9.47521e-05 0.000231514 0.000231514 0.18956 0.0197759 0.0596789 0.0596789 4.89805e-05 2.73556e-06 1.11767e-05 1.11767e-05 
2.34795e-06 2.72464e-06 2.34795e-06 2.72464e-06 3.17378e-06 2.72464e-06 2.34795e-06 2.72464e-06 2.34795e-06 1.34573e-06 1.59974e-06 1.34573e-06 1.59974e-06 1.91025e-06 1.59974e-06 1.34573e-06 1.59974e-06 1.34573e-06 0.000185292 0.000216338 0.000185292 0.000216338 0.000252785 0.000216338 0.000185292 0.000216338 0.000185292 0.0702759 0.0872281 0.0702759 0.0872281 0.10827 0.0872281 0.0702759 0.0872281 0.0702759 0.000252259 0.000252259 0.000252259 0.000252259 0.0646855 0.0646855 0.0646855 0.0646855 1.19843e-05 1.19843e-05 1.19843e-05 1.19843e-05 
1.26815e-06 2.2449e-06 3.25857e-06 1.46238e-06 2.60602e-06 3.80327e-06 1.26815e-06 2.2449e-06 3.25857e-06 7.29331e-07 1.3114e-06 1.86362e-06 8.60616e-07 1.55926e-06 2.23086e-06 7.29331e-07 1.3114e-06 1.86362e-06 0.000113211 0.000185288 0.000231519 0.000131837 0.000216333 0.000270851 0.000113211 0.000185288 0.000231519 0.0356457 0.0702759 0.100269 0.0442437 0.0872281 0.124456 0.0356457 0.0702759 0.100269 9.47521e-05 0.00063466 0.000231514 0.000231514 0.0197759 0.18956 0.0596789 0.0596789 2.73556e-06 4.89805e-05 1.11767e-05 1.11767e-05 
1.73496e-06 1.21321e-06 6.9643e-07 3.1142e-06 2.14732e-06 1.21321e-06 4.58029e-06 3.1142e-06 1.73496e-06 9.9235e-07 7.11828e-07 4.03444e-07 1.81378e-06 1.27881e-06 7.11828e-07 2.6215e-06 1.81378e-06 9.9235e-07 0.000140501 0.000113209 6.97853e-05 0.000231514 0.000185284 0.000113209 0.000290774 0.000231514 0.000140501 0.05086 0.0356457 0.0180804 0.100269 0.0702759 0.0356457 0.143059 0.100269 0.05086 0.000592743 8.6294e-05 0.000592743 8.6294e-05 0.177903 0.0181036 0.177903 0.0181036 4.65648e-05 2.52484e-06 4.65648e-05 2.52484e-06 
1.26815e-06 1.46238e-06 1.26815e-06 2.2449e-06 2.60602e-06 2.2449e-06 3.25857e-06 3.80327e-06 3.25857e-06 7.29331e-07 8.60616e-07 7.29331e-07 1.3114e-06 1.55926e-06 1.3114e-06 1.86362e-06 2.23086e-06 1.86362e-06 0.000113211 0.000131837 0.000113211 0.000185288 0.000216333 0.000185288 0.000231519 0.000270851 0.000231519 0.0356457 0.0442437 0.0356457 0.0702759 0.0872281 0.0702759 0.100269 0.124456 0.100269 0.000231514 0.000231514 0.00063466 9.47521e-05 0.0596789 0.0596789 0.18956 0.0197759 1.11767e-05 1.11767e-05 4.89805e-05 2.73556e-06 
6.9643e-07 1.21321e-06 1.73496e-06 1.21321e-06 2.14732e-06 3.1142e-06 1.73496e-06 3.1142e-06 4.58029e-06 4.03444e-07 7.11828e-07 9.9235e-07 7.11828e-07 1.27881e-06 1.81378e-06 9.9235e-07 1.81378e-06 2.6215e-06 6.97853e-05 0.000113209 0.000140501 0.000113209 0.000185284 0.000231514 0.000140501 0.000231514 0.000290774 0.0180804 0.0356457 0.05086 0.0356457 0.0702759 0.100269 0.05086 0.100269 0.143059 8.6294e-05 0.000592743 0.000592743 8.6294e-05 0.0181036 0.177903 0.177903 0.0181036 2.52484e-06 4.65648e-05 4.65648e-05 2.52484e-06 
5.08146e-07 2.48222e-07 1.04915e-07 5.25967e-07 2.58e-07 1.09396e-07 5.08146e-07 2.48222e-07 1.04915e-07 3.10299e-07 1.39551e-07 5.64541e-08 3.26055e-07 1.47893e-07 6.01368e-08 3.10299e-07 1.39551e-07 5.64541e-08 4.38044e-05 1.90389e-05 8.0945e-06 4.70609e-05 2.08113e-05 8.91142e-06 4.38044e-05 1.90389e-05 8.0945e-06 3.49324e-06 1.36439e-06 5.0856e-07 3.74027e-06 1.48665e-06 5.58407e-07 3.49324e-06 1.36439e-06 5.0856e-07 0.918737 4.9818e-06 2.19356e-05 2.19356e-05 0.0809532 2.45505e-07 1.31855e-06 1.31855e-06 1.78773e-05 2.14447e-11 1.51183e-10 1.51183e-10 
1.04915e-07 2.48222e-07 5.08146e-07 1.09396e-07 2.58e-07 5.25967e-07 1.04915e-07 2.48222e-07 5.08146e-07 5.64541e-08 1.39551e-07 3.10299e-07 6.01368e-08 1.47893e-07 3.26055e-07 5.64541e-08 1.39551e-07 3.10299e-07 8.0945e-06 1.90389e-05 4.38044e-05 8.91142e-06 2.08113e-05 4.70609e-05 8.0945e-06 1.90389e-05 4.38044e-05 5.0856e-07 1.36439e-06 3.49324e-06 5.58407e-07 1.48665e-06 3.74027e-06 5.0856e-07 1.36439e-06 3.49324e-06 4.9818e-06 0.918737 2.19356e-05 2.19356e-05 2.45505e-07 0.0809532 1.31855e-06 1.31855e-06 2.14448e-11 1.78773e-05 1.51184e-10 1.51183e-10 
1.04915e-07 1.09396e-07 1.04915e-07 2.48222e-07 2.58e-07 2.48222e-07 5.08146e-07 5.25967e-07 5.08146e-07 5.64541e-08 6.01368e-08 5.64541e-08 1.39551e-07 1.47893e-07 1.39551e-07 3.10299e-07 3.26055e-07 3.10299e-07 8.0945e-06 8.91142e-06 8.0945e-06 1.90389e-05 2.08113e-05 1.90389e-05 4.38044e-05 4.70609e-05 4.38044e-05 5.0856e-07 5.58407e-07 5.0856e-07 1.36439e-06 1.48665e-06 1.36439e-06 3.49324e-06 3.74027e-06 3.49324e-06 2.19356e-05 2.19356e-05 0.918737 4.9818e-06 1.31855e-06 1.31855e-06 0.0809532 2.45505e-07 1.51184e-10 1.51184e-10 1.78773e-05 2.14447e-11 
5.08146e-07 5.25967e-07 5.08146e-07 2.48222e-07 2.58e-07 2.48222e-07 1.04915e-07 1.09396e-07 1.04915e-07 3.10299e-07 3.26055e-07 3.10299e-07 1.39551e-07 1.47893e-07 1.39551e-07 5.64541e-08 6.01368e-08 5.64541e-08 4.38044e-05 4.70609e-05 4.38044e-05 1.90389e-05 2.08113e-05 1.90389e-05 8.0945e-06 8.91142e-06 8.0945e-06 3.49324e-06 3.74027e-06 3.49324e-06 1.36439e-06 1.48665e-06 1.36439e-06 5.0856e-07 5.58407e-07 5.0856e-07 2.19356e-05 2.19356e-05 4.9818e-06 0.918737 1.31855e-06 1.31855e-06 2.45505e-07 0.0809532 1.51183e-10 1.51183e-10 2.14447e-11 1.78773e-05 
8.97472e-10 3.97327e-10 1.50549e-10 9.32767e-10 4.15158e-10 1.5788e-10 8.97472e-10 3.97327e-10 1.50549e-10 6.36032e-10 2.54886e-10 9.16639e-11 6.7108e-10 2.71824e-10 9.83197e-11 6.36032e-10 2.54886e-10 9.16639e-11 1.24741e-07 4.8692e-08 1.81528e-08 1.33555e-07 5.30543e-08 1.99319e-08 1.24741e-07 4.8692e-08 1.81528e-08 3.75976e-05 1.26124e-05 3.82596e-06 4.00612e-05 1.36705e-05 4.17938e-06 3.75976e-05 1.26124e-05 3.82596e-06 0.00290301 8.8039e-09 4.72836e-08 4.72836e-08 0.996456 1.25193e-06 9.68737e-06 9.68737e-06 0.000434453 1.27822e-10 1.46456e-09 1.46456e-09 
1.50549e-10 3.97327e-10 8.97472e-10 1.5788e-10 4.15158e-10 9.32767e-10 1.50549e-10 3.97327e-10 8.97472e-10 9.16639e-11 2.54886e-10 6.36032e-10 9.83194e-11 2.71824e-10 6.7108e-10 9.16639e-11 2.54886e-10 6.36032e-10 1.81528e-08 4.8692e-08 1.24741e-07 1.99319e-08 5.30543e-08 1.33555e-07 1.81528e-08 4.8692e-08 1.24741e-07 3.82596e-06 1.26124e-05 3.75976e-05 4.17938e-06 1.36705e-05 4.00612e-05 3.82596e-06 1.26124e-05 3.75976e-05 8.8039e-09 0.00290301 4.72836e-08 4.72836e-08 1.25193e-06 0.996456 9.68737e-06 9.68737e-06 1.27822e-10 0.000434453 1.46456e-09 1.46456e-09 
1.50549e-10 1.5788e-10 1.50548e-10 3.97327e-10 4.15158e-10 3.97327e-10 8.97472e-10 9.32767e-10 8.97472e-10 9.16639e-11 9.83193e-11 9.16636e-11 2.54886e-10 2.71824e-10 2.54886e-10 6.36032e-10 6.7108e-10 6.36032e-10 1.81528e-08 1.99319e-08 1.81528e-08 4.8692e-08 5.30543e-08 4.8692e-08 1.24741e-07 1.33555e-07 1.24741e-07 3.82596e-06 4.17938e-06 3.82596e-06 1.26124e-05 1.36705e-05 1.26124e-05 3.75976e-05 4.00612e-05 3.75976e-05 4.72836e-08 4.72836e-08 0.00290301 8.8039e-09 9.68737e-06 9.68737e-06 0.996456 1.25193e-06 1.46456e-09 1.46456e-09 0.000434453 1.27822e-10 
8.97472e-10 9.32767e-10 8.97472e-10 3.97327e-10 4.15158e-10 3.97327e-10 1.50549e-10 1.5788e-10 1.50549e-10 6.36032e-10 6.7108e-10 6.36032e-10 2.54886e-10 2.71824e-10 2.54886e-10 9.16641e-11 9.83192e-11 9.16639e-11 1.24741e-07 1.33555e-07 1.24741e-07 4.8692e-08 5.30543e-08 4.8692e-08 1.81528e-08 1.99319e-08 1.81528e-08 3.75976e-05 4.00612e-05 3.75976e-05 1.26124e-05 1.36705e-05 1.26124e-05 3.82596e-06 4.17938e-06 3.82596e-06 4.72836e-08 4.72836e-08 8.8039e-09 0.00290301 9.68737e-06 9.68737e-06 1.25193e-06 0.996456 1.46456e-09 1.46456e-09 1.27822e-10 0.000434453 
3.6105e-14 1.34646e-14 4.33022e-15 3.76292e-14 1.42173e-14 4.59021e-15 3.61071e-14 1.35654e-14 4.33231e-15 2.92042e-14 9.53429e-15 2.85408e-15 3.08068e-14 1.02435e-14 3.09091e-15 2.92073e-14 9.58949e-15 2.85717e-15 7.14623e-12 2.27427e-12 6.91366e-13 7.59315e-12 2.46198e-12 7.55498e-13 7.1462e-12 2.2742e-12 6.91334e-13 3.27874e-09 7.86977e-10 1.7778e-10 3.44883e-09 8.43842e-10 1.92617e-10 3.27874e-09 7.86977e-10 1.7778e-10 2.13594e-07 2.56298e-13 1.8067e-12 1.80614e-12 0.000144749 4.25871e-11 4.87956e-10 4.87956e-10 0.999836 3.10862e-15 5.44842e-14 5.4512e-14 
4.33231e-15 1.34852e-14 3.60666e-14 4.6704e-15 1.42173e-14 3.74363e-14 4.37074e-15 1.36575e-14 3.6105e-14 2.85717e-15 9.51949e-15 2.91872e-14 3.16092e-15 1.02435e-14 3.07318e-14 2.8741e-15 9.60925e-15 2.92042e-14 6.91334e-13 2.27426e-12 7.14622e-12 7.55439e-13 2.46198e-12 7.59315e-12 6.91342e-13 2.27427e-12 7.14623e-12 1.7778e-10 7.86977e-10 3.27874e-09 1.92617e-10 8.43842e-10 3.44883e-09 1.7778e-10 7.86978e-10 3.27874e-09 2.5624e-13 2.13594e-07 1.80647e-12 1.80614e-12 4.2587e-11 0.000144749 4.87956e-10 4.87956e-10 3.55271e-15 0.999836 5.42899e-14 5.45397e-14 
4.33231e-15 4.49048e-15 4.29888e-15 1.36651e-14 1.42173e-14 1.36156e-14 3.61384e-14 3.74783e-14 3.6105e-14 2.85717e-15 3.01469e-15 2.83943e-15 9.66572e-15 1.02435e-14 9.63874e-15 2.92219e-14 3.07023e-14 2.92042e-14 6.91334e-13 7.55365e-13 6.91305e-13 2.27434e-12 2.46198e-12 2.27433e-12 7.14626e-12 7.59309e-12 7.14623e-12 1.7778e-10 1.92617e-10 1.7778e-10 7.86977e-10 8.43842e-10 7.86977e-10 3.27874e-09 3.44883e-09 3.27874e-09 1.80613e-12 1.80634e-12 2.13594e-07 2.56127e-13 4.87956e-10 4.87956e-10 0.000144749 4.25872e-11 5.46507e-14 5.47895e-14 0.999836 3.2474e-15 
3.6105e-14 3.74979e-14 3.60955e-14 1.35959e-14 1.42173e-14 1.34766e-14 4.34178e-15 4.67899e-15 4.33231e-15 2.92042e-14 3.07302e-14 2.91997e-14 9.61091e-15 1.02435e-14 9.54834e-15 2.8616e-15 3.13207e-15 2.85717e-15 7.14623e-12 7.59311e-12 7.14622e-12 2.27431e-12 2.46198e-12 2.2743e-12 6.91345e-13 7.55398e-13 6.91334e-13 3.27874e-09 3.44883e-09 3.27874e-09 7.86977e-10 8.43842e-10 7.86977e-10 1.7778e-10 1.92617e-10 1.7778e-10 1.80626e-12 1.80653e-12 2.56499e-13 2.13594e-07 4.87956e-10 4.87956e-10 4.25872e-11 0.000144749 5.42899e-14 5.45952e-14 3.27516e-15 0.999836 
