int Binv[48][9] = { {1081620, 972019, 924402, 972019, 939546, 912210, 924402, 912210, 895249},
{972019, 1048319, 972019, 939396, 958249, 939396, 912210, 919823, 912210},
{924402, 972019, 1081620, 912210, 939546, 972019, 895249, 912210, 924402},
{972019, 939396, 912210, 1048319, 958249, 919823, 972019, 939396, 912210},
{939546, 958249, 939546, 958249, 1023990, 958249, 939546, 958249, 939546},
{912210, 939396, 972019, 919823, 958249, 1048319, 912210, 939396, 972019},
{924402, 912210, 895249, 972019, 939546, 912210, 1081620, 972019, 924402},
{912210, 919823, 912210, 939396, 958249, 939396, 972019, 1048319, 972019},
{895249, 912210, 924402, 912210, 939546, 972019, 924402, 972019, 1081620},
{1021919, 944068, 901730, 944068, 915607, 889939, 901730, 889939, 873538},
{953129, 1003620, 953129, 923851, 940113, 923851, 897768, 904975, 897768},
{901730, 944068, 1021919, 889939, 915607, 944068, 873538, 889939, 901730},
{953129, 923851, 897768, 1003620, 940113, 904975, 953129, 923851, 897768},
{932971, 949329, 932971, 949329, 992290, 949329, 932971, 949329, 932971},
{897768, 923851, 953129, 904975, 940113, 1003620, 897768, 923851, 953129},
{901730, 889939, 873538, 944068, 915607, 889939, 1021919, 944068, 901730},
{897768, 904975, 897768, 923851, 940113, 923851, 953129, 1003620, 953129},
{873538, 889939, 901730, 889939, 915607, 944068, 901730, 944068, 1021919},
{1007050, 937064, 896043, 937064, 909603, 884352, 896043, 884352, 868091},
{948408, 992514, 948408, 919960, 935577, 919960, 894151, 901257, 894151},
{896043, 937064, 1007050, 884352, 909603, 937064, 868091, 884352, 896043},
{948408, 919960, 894151, 992514, 935577, 901257, 948408, 919960, 894151},
{931340, 947116, 931340, 947116, 984449, 947116, 931340, 947116, 931340},
{894151, 919960, 948408, 901257, 935577, 992514, 894151, 919960, 948408},
{896043, 884352, 868091, 937064, 909603, 884352, 1007050, 937064, 896043},
{894151, 901257, 894151, 919960, 935577, 919960, 948408, 992514, 948408},
{868091, 884352, 896043, 884352, 909603, 937064, 896043, 937064, 1007050},
{1007009, 937047, 896029, 937047, 909588, 884338, 896029, 884338, 868078},
{948396, 992487, 948396, 919950, 935566, 919950, 894141, 901247, 894141},
{896029, 937047, 1007009, 884338, 909588, 937047, 868078, 884338, 896029},
{948396, 919950, 894141, 992487, 935566, 901247, 948396, 919950, 894141},
{931335, 947110, 931335, 947110, 984429, 947110, 931335, 947110, 931335},
{894141, 919950, 948396, 901247, 935566, 992487, 894141, 919950, 948396},
{896029, 884338, 868078, 937047, 909588, 884338, 1007009, 937047, 896029},
{894141, 901247, 894141, 919950, 935566, 919950, 948396, 992487, 948396},
{868078, 884338, 896029, 884338, 909588, 937047, 896029, 937047, 1007009},
{640104, 615386, 596734, 643503, 618396, 599355, 640104, 615386, 596734},
{596734, 615386, 640104, 599355, 618396, 643503, 596734, 615386, 640104},
{596734, 599355, 596734, 615386, 618396, 615386, 640104, 643503, 640104},
{640104, 643503, 640104, 615386, 618396, 615386, 596734, 599355, 596734},
{640104, 615386, 596734, 643503, 618396, 599355, 640104, 615386, 596734},
{596734, 615386, 640104, 599355, 618396, 643503, 596734, 615386, 640104},
{596734, 599355, 596734, 615386, 618396, 615386, 640104, 643503, 640104},
{640104, 643503, 640104, 615386, 618396, 615386, 596734, 599355, 596734},
{575152, 552942, 536183, 578207, 555646, 538538, 575152, 552942, 536183},
{536183, 552942, 575152, 538538, 555646, 578207, 536183, 552942, 575152},
{536183, 538538, 536183, 552942, 555646, 552942, 575152, 578207, 575152},
{575152, 578207, 575152, 552942, 555646, 552942, 536183, 538538, 536183}
};

int Cexp[36][48] = { {774167, 59394, 2403, 59394, 4558, 184, 2403, 184, 7, 10753, 736, 26, 736, 51, 1, 26, 1, 0, 95, 4, 0, 4, 0, 0, 0, 0, 0, 79100, 2737, 65, 2737, 127, 3, 65, 3, 0, 0, 0, 0, 0, 10, 0, 0, 10, 0, 0, 0, 0},
{59394, 717175, 59394, 4558, 55020, 4558, 184, 2225, 184, 736, 10044, 736, 51, 687, 51, 1, 25, 1, 4, 91, 4, 0, 3, 0, 0, 0, 0, 2737, 76439, 2737, 127, 2614, 127, 3, 62, 3, 0, 0, 0, 0, 0, 0, 0, 10, 0, 0, 0, 0},
{2403, 59394, 774167, 184, 4558, 59394, 7, 184, 2403, 26, 736, 10753, 1, 51, 736, 0, 1, 26, 0, 4, 95, 0, 0, 4, 0, 0, 0, 65, 2737, 79100, 3, 127, 2737, 0, 3, 65, 0, 0, 0, 0, 0, 10, 0, 10, 0, 0, 0, 0},
{59394, 4558, 184, 717175, 55020, 2225, 59394, 4558, 184, 736, 51, 1, 10044, 687, 25, 736, 51, 1, 4, 0, 0, 91, 3, 0, 4, 0, 0, 2737, 127, 3, 76439, 2614, 62, 2737, 127, 3, 0, 0, 0, 0, 10, 0, 0, 0, 0, 0, 0, 0},
{4558, 55020, 4558, 55020, 664381, 55020, 4558, 55020, 4558, 51, 687, 51, 687, 9382, 687, 51, 687, 51, 0, 3, 0, 3, 87, 3, 0, 3, 0, 127, 2613, 127, 2613, 73898, 2613, 127, 2613, 127, 0, 0, 0, 0, 0, 0, 0, 0, 0, 0, 0, 0},
{184, 4558, 59394, 2225, 55020, 717175, 184, 4558, 59394, 1, 51, 736, 25, 687, 10044, 1, 51, 736, 0, 0, 4, 0, 3, 91, 0, 0, 4, 3, 127, 2737, 62, 2614, 76439, 3, 127, 2737, 0, 0, 0, 0, 0, 10, 0, 0, 0, 0, 0, 0},
{2403, 184, 7, 59394, 4558, 184, 774167, 59394, 2403, 26, 1, 0, 736, 51, 1, 10753, 736, 26, 0, 0, 0, 4, 0, 0, 95, 4, 0, 65, 3, 0, 2737, 127, 3, 79100, 2737, 65, 0, 0, 0, 0, 10, 0, 10, 0, 0, 0, 0, 0},
{184, 2225, 184, 4558, 55020, 4558, 59394, 717175, 59394, 1, 25, 1, 51, 687, 51, 736, 10044, 736, 0, 0, 0, 0, 3, 0, 4, 91, 4, 3, 62, 3, 127, 2614, 127, 2737, 76439, 2737, 0, 0, 0, 0, 0, 0, 10, 0, 0, 0, 0, 0},
{7, 184, 2403, 184, 4558, 59394, 2403, 59394, 774167, 0, 1, 26, 1, 51, 736, 26, 736, 10753, 0, 0, 0, 0, 0, 4, 0, 4, 95, 0, 3, 65, 3, 127, 2737, 65, 2737, 79100, 0, 0, 0, 0, 0, 10, 10, 0, 0, 0, 0, 0},
{161306, 11047, 403, 11047, 769, 28, 403, 28, 1, 3616, 136, 4, 136, 8, 0, 4, 0, 0, 738, 1, 0, 1, 0, 0, 0, 0, 0, 807476, 1217, 10, 1217, 19, 0, 10, 0, 0, 0, 0, 0, 0, 180, 0, 0, 180, 0, 0, 0, 0},
{11047, 150662, 11047, 769, 10306, 769, 28, 376, 28, 136, 3484, 136, 8, 128, 8, 0, 4, 0, 1, 737, 1, 0, 1, 0, 0, 0, 0, 1217, 806449, 1217, 19, 1198, 19, 0, 9, 0, 0, 0, 0, 0, 0, 0, 0, 180, 0, 0, 0, 0},
{403, 11047, 161306, 28, 769, 11047, 1, 28, 403, 4, 136, 3616, 0, 8, 136, 0, 0, 4, 0, 1, 738, 0, 0, 1, 0, 0, 0, 10, 1217, 807476, 0, 19, 1217, 0, 0, 10, 0, 0, 0, 0, 0, 180, 0, 180, 0, 0, 0, 0},
{11047, 769, 28, 150662, 10306, 376, 11047, 769, 28, 136, 8, 0, 3484, 128, 4, 136, 8, 0, 1, 0, 0, 737, 1, 0, 1, 0, 0, 1217, 19, 0, 806449, 1198, 9, 1217, 19, 0, 0, 0, 0, 0, 180, 0, 0, 0, 0, 0, 0, 0},
{769, 10306, 769, 10306, 140733, 10306, 769, 10306, 769, 8, 128, 8, 128, 3359, 128, 8, 128, 8, 0, 1, 0, 1, 735, 1, 0, 1, 0, 19, 1198, 19, 1198, 805440, 1198, 19, 1198, 19, 0, 0, 0, 0, 0, 0, 0, 0, 0, 0, 0, 0},
{28, 769, 11047, 376, 10306, 150662, 28, 769, 11047, 0, 8, 136, 4, 128, 3484, 0, 8, 136, 0, 0, 1, 0, 1, 737, 0, 0, 1, 0, 19, 1217, 9, 1198, 806449, 0, 19, 1217, 0, 0, 0, 0, 0, 180, 0, 0, 0, 0, 0, 0},
{403, 28, 1, 11047, 769, 28, 161306, 11047, 403, 4, 0, 0, 136, 8, 0, 3616, 136, 4, 0, 0, 0, 1, 0, 0, 738, 1, 0, 10, 0, 0, 1217, 19, 0, 807476, 1217, 10, 0, 0, 0, 0, 180, 0, 180, 0, 0, 0, 0, 0},
{28, 376, 28, 769, 10306, 769, 11047, 150662, 11047, 0, 4, 0, 8, 128, 8, 136, 3484, 136, 0, 0, 0, 0, 1, 0, 1, 737, 1, 0, 9, 0, 19, 1198, 19, 1217, 806449, 1217, 0, 0, 0, 0, 0, 0, 180, 0, 0, 0, 0, 0},
{1, 28, 403, 28, 769, 11047, 403, 11047, 161306, 0, 0, 4, 0, 8, 136, 4, 136, 3616, 0, 0, 0, 0, 0, 1, 0, 1, 738, 0, 0, 10, 0, 19, 1217, 10, 1217, 807476, 0, 0, 0, 0, 0, 180, 180, 0, 0, 0, 0, 0},
{3220, 138, 4, 138, 7, 0, 4, 0, 0, 1664, 3, 0, 3, 0, 0, 0, 0, 0, 901, 0, 0, 0, 0, 0, 0, 0, 0, 991988, 715, 0, 715, 0, 0, 0, 0, 0, 0, 0, 0, 0, 245, 0, 0, 245, 0, 0, 0, 0},
{138, 3086, 138, 7, 131, 7, 0, 3, 0, 3, 1661, 3, 0, 3, 0, 0, 0, 0, 0, 900, 0, 0, 0, 0, 0, 0, 0, 715, 991518, 715, 0, 714, 0, 0, 0, 0, 0, 0, 0, 0, 0, 0, 0, 245, 0, 0, 0, 0},
{4, 138, 3220, 0, 7, 138, 0, 0, 4, 0, 3, 1664, 0, 0, 3, 0, 0, 0, 0, 0, 901, 0, 0, 0, 0, 0, 0, 0, 715, 991988, 0, 0, 715, 0, 0, 0, 0, 0, 0, 0, 0, 245, 0, 245, 0, 0, 0, 0},
{138, 7, 0, 3086, 131, 3, 138, 7, 0, 3, 0, 0, 1661, 3, 0, 3, 0, 0, 0, 0, 0, 900, 0, 0, 0, 0, 0, 715, 0, 0, 991518, 714, 0, 715, 0, 0, 0, 0, 0, 0, 245, 0, 0, 0, 0, 0, 0, 0},
{7, 131, 7, 131, 2958, 131, 7, 131, 7, 0, 3, 0, 3, 1658, 3, 0, 3, 0, 0, 0, 0, 0, 900, 0, 0, 0, 0, 0, 714, 0, 714, 991048, 714, 0, 714, 0, 0, 0, 0, 0, 0, 0, 0, 0, 0, 0, 0, 0},
{0, 7, 138, 3, 131, 3086, 0, 7, 138, 0, 0, 3, 0, 3, 1661, 0, 0, 3, 0, 0, 0, 0, 0, 900, 0, 0, 0, 0, 0, 715, 0, 714, 991518, 0, 0, 715, 0, 0, 0, 0, 0, 245, 0, 0, 0, 0, 0, 0},
{4, 0, 0, 138, 7, 0, 3220, 138, 4, 0, 0, 0, 3, 0, 0, 1664, 3, 0, 0, 0, 0, 0, 0, 0, 901, 0, 0, 0, 0, 0, 715, 0, 0, 991988, 715, 0, 0, 0, 0, 0, 245, 0, 245, 0, 0, 0, 0, 0},
{0, 3, 0, 7, 131, 7, 138, 3086, 138, 0, 0, 0, 0, 3, 0, 3, 1661, 3, 0, 0, 0, 0, 0, 0, 0, 900, 0, 0, 0, 0, 0, 714, 0, 715, 991518, 715, 0, 0, 0, 0, 0, 0, 245, 0, 0, 0, 0, 0},
{0, 0, 4, 0, 7, 138, 4, 138, 3220, 0, 0, 0, 0, 0, 3, 0, 3, 1664, 0, 0, 0, 0, 0, 0, 0, 0, 901, 0, 0, 0, 0, 0, 715, 0, 715, 991988, 0, 0, 0, 0, 0, 245, 245, 0, 0, 0, 0, 0},
{2431, 84, 2, 84, 3, 0, 2, 0, 0, 1654, 2, 0, 2, 0, 0, 0, 0, 0, 902, 0, 0, 0, 0, 0, 0, 0, 0, 993176, 613, 0, 613, 0, 0, 0, 0, 0, 0, 0, 0, 0, 211, 0, 0, 211, 0, 0, 0, 0},
{84, 2349, 84, 3, 80, 3, 0, 1, 0, 2, 1652, 2, 0, 2, 0, 0, 0, 0, 0, 901, 0, 0, 0, 0, 0, 0, 0, 613, 992773, 613, 0, 613, 0, 0, 0, 0, 0, 0, 0, 0, 0, 0, 0, 211, 0, 0, 0, 0},
{2, 84, 2431, 0, 3, 84, 0, 0, 2, 0, 2, 1654, 0, 0, 2, 0, 0, 0, 0, 0, 902, 0, 0, 0, 0, 0, 0, 0, 613, 993176, 0, 0, 613, 0, 0, 0, 0, 0, 0, 0, 0, 211, 0, 211, 0, 0, 0, 0},
{84, 3, 0, 2349, 80, 1, 84, 3, 0, 2, 0, 0, 1652, 2, 0, 2, 0, 0, 0, 0, 0, 901, 0, 0, 0, 0, 0, 613, 0, 0, 992773, 613, 0, 613, 0, 0, 0, 0, 0, 0, 211, 0, 0, 0, 0, 0, 0, 0},
{3, 80, 3, 80, 2271, 80, 3, 80, 3, 0, 2, 0, 2, 1650, 2, 0, 2, 0, 0, 0, 0, 0, 901, 0, 0, 0, 0, 0, 613, 0, 613, 992370, 613, 0, 613, 0, 0, 0, 0, 0, 0, 0, 0, 0, 0, 0, 0, 0},
{0, 3, 84, 1, 80, 2349, 0, 3, 84, 0, 0, 2, 0, 2, 1652, 0, 0, 2, 0, 0, 0, 0, 0, 901, 0, 0, 0, 0, 0, 613, 0, 613, 992773, 0, 0, 613, 0, 0, 0, 0, 0, 211, 0, 0, 0, 0, 0, 0},
{2, 0, 0, 84, 3, 0, 2431, 84, 2, 0, 0, 0, 2, 0, 0, 1654, 2, 0, 0, 0, 0, 0, 0, 0, 902, 0, 0, 0, 0, 0, 613, 0, 0, 993176, 613, 0, 0, 0, 0, 0, 211, 0, 211, 0, 0, 0, 0, 0},
{0, 1, 0, 3, 80, 3, 84, 2349, 84, 0, 0, 0, 0, 2, 0, 2, 1652, 2, 0, 0, 0, 0, 0, 0, 0, 901, 0, 0, 0, 0, 0, 613, 0, 613, 992773, 613, 0, 0, 0, 0, 0, 0, 211, 0, 0, 0, 0, 0},
{0, 0, 2, 0, 3, 84, 2, 84, 2431, 0, 0, 0, 0, 0, 2, 0, 2, 1654, 0, 0, 0, 0, 0, 0, 0, 0, 902, 0, 0, 0, 0, 0, 613, 0, 613, 993176, 0, 0, 0, 0, 0, 211, 211, 0, 0, 0, 0, 0}
};

